x1,x2,y
8270,1860,10130
6390,6191,12581
6734,7265,13999
1466,5426,6892
6578,9322,15900
2685,1769,4454
7949,3433,11382
6311,6051,12362
7420,2184,9604
5555,4385,9940
7396,9666,17062
3558,8849,12407
3047,3747,6794
1189,3734,4923
4005,5658,9663
2899,8734,11633
2267,2528,4795
4556,4890,9446
9838,6393,16231
9792,9433,19225
8513,3612,12125
8041,7235,15276
6486,8099,14585
1775,9226,11001
4152,2585,6737
4943,8555,13498
4073,2021,6094
4843,8989,13832
7873,6675,14548
1161,5297,6458
1995,8629,10624
2016,8869,10885
7439,8892,16331
7863,8916,16779
9529,1878,11407
5887,5859,11746
7331,9571,16902
9684,8208,17892
6276,3062,9338
1064,9006,10070
3568,6463,10031
3027,3695,6722
6258,6618,12876
7736,1391,9127
6892,4561,11453
7184,4099,11283
7278,9392,16670
4104,8215,12319
3454,9996,13450
3731,9154,12885
6056,9110,15166
4840,2028,6868
8385,1502,9887
7910,7938,15848
5488,1206,6694
6134,6977,13111
8721,8035,16756
2484,8858,11342
1863,3790,5653
8408,9755,18163
6116,7019,13135
2757,8574,11331
7374,7892,15266
2678,4242,6920
5636,2059,7695
7668,4157,11825
6915,3693,10608
4627,6450,11077
2663,6592,9255
8392,2306,10698
7776,6864,14640
8526,9901,18427
6575,6530,13105
5413,4748,10161
1663,2998,4661
8994,2495,11489
4304,4763,9067
6232,2853,9085
7585,2291,9876
4581,8554,13135
8280,2636,10916
4696,1698,6394
5737,1854,7591
9164,6855,16019
8392,7528,15920
6249,6172,12421
2707,6791,9498
6535,5931,12466
4510,1202,5712
5218,9958,15176
5389,3327,8716
9004,3931,12935
8777,1197,9974
8125,2930,11055
7287,9800,17087
5282,3511,8793
1659,3811,5470
8098,7546,15644
2986,9338,12324
3911,2734,6645
2843,9680,12523
3976,2959,6935
6759,7694,14453
3385,5736,9121
2802,9155,11957
9120,7616,16736
6534,5061,11595
1262,7287,8549
9815,3049,12864
6423,5548,11971
4108,8158,12266
8400,4170,12570
3255,2154,5409
5499,7295,12794
7197,2648,9845
6539,5199,11738
9445,3557,13002
6592,1098,7690
3200,3961,7161
5973,5433,11406
3869,1956,5825
9352,6699,16051
7944,5493,13437
5911,4987,10898
7015,2218,9233
5496,5735,11231
5555,9050,14605
4446,2045,6491
7893,2693,10586
4436,9754,14190
6895,4354,11249
1225,5893,7118
8022,6600,14622
8996,8683,17679
5642,8679,14321
9208,8339,17547
3205,2069,5274
4444,2060,6504
3327,4420,7747
1301,1606,2907
4170,1699,5869
6088,1190,7278
1980,3975,5955
7102,2184,9286
4327,4394,8721
9319,2816,12135
6854,7709,14563
1569,6442,8011
2895,3733,6628
4863,8455,13318
5014,2686,7700
4009,8806,12815
1154,2409,3563
1784,9096,10880
8560,8343,16903
8206,6596,14802
6801,3806,10607
1537,6986,8523
2841,9716,12557
7971,6625,14596
3950,8992,12942
5780,3368,9148
7655,9173,16828
5495,7002,12497
7614,6919,14533
1853,5146,6999
4769,1574,6343
2148,7293,9441
7457,8509,15966
5777,4854,10631
3491,4124,7615
6691,4051,10742
1004,6222,7226
6315,5869,12184
1876,8027,9903
5142,7966,13108
8079,8987,17066
7799,5465,13264
1635,2693,4328
5752,9311,15063
1830,6177,8007
9932,9308,19240
6949,3838,10787
2150,8560,10710
2931,2664,5595
2081,1512,3593
8805,6237,15042
1559,4672,6231
8404,4343,12747
5070,1580,6650
8004,9130,17134
4147,5249,9396
2679,4506,7185
8253,3744,11997
6188,3141,9329
7617,3479,11096
7484,8421,15905
5452,6881,12333
7665,3849,11514
8390,7905,16295
3489,5611,9100
3839,9527,13366
6878,7303,14181
1851,2687,4538
7833,3427,11260
5000,6052,11052
3738,6732,10470
6387,9002,15389
6536,4913,11449
2066,8723,10789
5380,5107,10487
6726,4373,11099
9945,3082,13027
9967,7748,17715
1417,9306,10723
9808,4974,14782
4267,1825,6092
8668,6745,15413
1412,8543,9955
8587,1728,10315
8164,9867,18031
6988,3504,10492
3967,3786,7753
2122,5079,7201
2571,6073,8644
6104,3143,9247
7806,8357,16163
4440,4766,9206
6644,3914,10558
5968,6917,12885
9787,1728,11515
2365,5492,7857
1698,8186,9884
1395,8400,9795
9082,5171,14253
5360,3502,8862
1717,3782,5499
5946,6486,12432
9335,5980,15315
8266,5491,13757
8192,6588,14780
8651,4636,13287
2167,2062,4229
3156,8860,12016
6161,6305,12466
7541,5729,13270
8330,6334,14664
9924,5330,15254
9010,7801,16811
5846,7731,13577
8241,1953,10194
3539,8056,11595
2542,6293,8835
2191,7313,9504
7938,3681,11619
2540,7172,9712
6541,2365,8906
9691,9702,19393
8494,5312,13806
2324,4141,6465
8419,4486,12905
2810,7588,10398
3923,6301,10224
5186,9905,15091
6977,5268,12245
5748,5849,11597
4709,7619,12328
9647,4072,13719
7530,1504,9034
2214,2531,4745
8576,1823,10399
1928,6029,7957
1133,3105,4238
4627,7316,11943
2852,5910,8762
5175,6348,11523
7190,2256,9446
4376,6645,11021
4486,4584,9070
9053,4330,13383
3703,9662,13365
9120,8114,17234
2353,6063,8416
9549,8575,18124
1667,5468,7135
7819,4719,12538
3745,8483,12228
1539,5964,7503
5835,4775,10610
7042,8102,15144
8312,6320,14632
7132,8891,16023
3779,1924,5703
2581,8714,11295
4324,6713,11037
8026,1255,9281
5804,2838,8642
1009,3871,4880
9989,8409,18398
8418,6124,14542
2015,3193,5208
9415,8449,17864
5158,4925,10083
7970,7938,15908
5784,5000,10784
2633,8266,10899
9702,1384,11086
1404,9175,10579
3000,6989,9989
2460,8190,10650
8140,4636,12776
5809,5178,10987
8245,7600,15845
6997,3048,10045
5780,1716,7496
8939,6565,15504
5544,5976,11520
4419,8239,12658
1249,9865,11114
1770,5363,7133
2077,9427,11504
9580,8901,18481
5858,7544,13402
5719,3814,9533
4374,2252,6626
7996,5673,13669
5530,7881,13411
7949,7241,15190
9017,7941,16958
8002,2331,10333
5261,8648,13909
6115,5637,11752
5854,4177,10031
8730,3180,11910
5892,8043,13935
1137,7327,8464
4472,6449,10921
3832,4579,8411
6971,5164,12135
8941,6569,15510
5300,7269,12569
4818,2906,7724
7254,1760,9014
8830,8350,17180
7238,7090,14328
7031,8687,15718
9472,2887,12359
4266,1666,5932
5188,1671,6859
7777,8570,16347
8956,6124,15080
6585,5777,12362
4900,7677,12577
7981,7376,15357
1523,3393,4916
3593,8240,11833
7937,7190,15127
6240,7493,13733
3878,5143,9021
4644,5432,10076
2276,6811,9087
1302,1638,2940
1055,9717,10772
9150,3125,12275
1364,7809,9173
5621,6126,11747
6122,2646,8768
1918,3797,5715
7506,6870,14376
2531,9172,11703
4345,8673,13018
7949,7882,15831
2906,4086,6992
9152,6750,15902
9905,2062,11967
2976,2296,5272
7229,8641,15870
1125,5632,6757
7288,4596,11884
7168,8561,15729
9258,1232,10490
7371,5206,12577
8943,7891,16834
7738,3472,11210
3739,6401,10140
2761,1876,4637
4812,2460,7272
2733,2605,5338
6622,7767,14389
7986,4517,12503
4735,9434,14169
3590,2063,5653
5324,6342,11666
1005,8489,9494
9659,9195,18854
6966,9837,16803
1117,3551,4668
6560,5289,11849
1846,7316,9162
7469,9915,17384
1224,5208,6432
7283,3048,10331
7233,2828,10061
2917,5234,8151
7988,3026,11014
4744,1009,5753
1260,7038,8298
3219,8041,11260
3060,6287,9347
2619,9512,12131
2342,3832,6174
3824,2994,6818
4490,8984,13474
2604,1235,3839
2908,9567,12475
4530,6256,10786
3635,9162,12797
3560,6415,9975
4391,6951,11342
6468,9007,15475
7413,7941,15354
5820,3898,9718
8546,1077,9623
8577,5227,13804
1600,2065,3665
3136,7943,11079
8804,7565,16369
6984,6142,13126
5670,3190,8860
3712,3192,6904
2248,5033,7281
2997,4687,7684
5018,2970,7988
9389,6765,16154
2202,9135,11337
6567,8667,15234
6742,6788,13530
6408,9669,16077
1922,1419,3341
3204,2120,5324
1950,3336,5286
6373,3243,9616
3645,5612,9257
2865,7028,9893
8326,7371,15697
7359,8863,16222
4228,4719,8947
3371,3891,7262
4756,5225,9981
1094,3674,4768
7898,1793,9691
3116,6779,9895
7166,1814,8980
1345,9554,10899
3443,8783,12226
1984,8790,10774
1827,4531,6358
8147,5451,13598
4876,6959,11835
1126,4177,5303
9795,7024,16819
6109,5146,11255
8196,4368,12564
4797,2792,7589
6732,4476,11208
4417,2645,7062
4030,3872,7902
4072,2854,6926
5021,5662,10683
7514,6031,13545
3708,8112,11820
9393,4507,13900
7456,5212,12668
8970,9766,18736
1536,2625,4161
8973,9577,18550
9070,9666,18736
9609,7490,17099
4600,7783,12383
5971,2205,8176
2990,6299,9289
4572,6975,11547
7320,5380,12700
5757,3713,9470
6588,1966,8554
5944,4432,10376
1688,5243,6931
4701,9533,14234
6182,7704,13886
5422,2759,8181
3482,9058,12540
1951,9914,11865
3079,3717,6796
5524,9477,15001
8311,8186,16497
3065,1768,4833
6490,7645,14135
6083,6232,12315
6797,5926,12723
7016,4335,11351
9038,5873,14911
2481,7305,9786
4451,1054,5505
8643,4462,13105
1832,6954,8786
9519,8221,17740
4310,4300,8610
7722,8218,15940
8776,4675,13451
4054,8970,13024
3143,6207,9350
3538,5547,9085
6619,9356,15975
7612,6005,13617
1822,1943,3765
7150,5425,12575
9966,3198,13164
5242,4695,9937
4452,2308,6760
5177,9705,14882
7852,7035,14887
4594,5841,10435
2409,5566,7975
5491,2555,8046
1804,2279,4083
8083,6986,15069
6619,2387,9006
3679,3106,6785
9173,5223,14396
5831,3768,9599
4186,3573,7759
3599,5033,8632
9428,2304,11732
8368,6877,15245
2301,3541,5842
3051,7809,10860
9633,9996,19629
1074,7981,9055
6475,9232,15707
8184,6796,14980
8141,2622,10763
9041,1341,10382
3074,8992,12066
1645,5263,6908
9801,7136,16937
9646,3969,13615
4028,8643,12671
3681,4629,8310
5225,4067,9292
6941,2386,9327
3866,5788,9654
6490,5124,11614
9340,4850,14190
6415,8679,15094
7819,9378,17197
2333,5150,7483
7766,3711,11477
5853,7212,13065
8479,6408,14887
8715,9942,18657
2762,8101,10863
8674,7122,15796
1481,1153,2634
8617,2524,11141
3120,3343,6463
6136,6760,12896
2240,1060,3300
2639,7185,9824
8970,2252,11222
5203,9363,14566
4549,5197,9746
8009,7667,15676
3322,5090,8412
7960,4004,11964
6136,1329,7465
4640,8982,13622
5107,2341,7448
9407,1338,10745
6895,3708,10603
2750,6604,9354
3421,8119,11540
9901,6319,16220
7609,6387,13996
4993,9680,14673
9044,9238,18282
5873,5806,11679
9592,6913,16505
8124,4157,12281
1390,5430,6820
9820,8686,18506
5232,9007,14239
2521,2500,5021
7737,4294,12031
6085,3419,9504
4042,5497,9539
2466,4561,7027
1614,6392,8006
8693,4223,12916
8138,3667,11805
8980,1130,10110
3983,5278,9261
8126,9230,17356
8694,7640,16334
6468,1920,8388
8564,9684,18248
9502,9930,19432
4241,1545,5786
5346,4810,10156
8206,3032,11238
9436,1271,10707
4511,2771,7282
5361,8069,13430
1920,9190,11110
4430,5435,9865
4760,3050,7810
2165,9567,11732
3033,7467,10500
1145,5388,6533
8832,9623,18455
9896,9173,19069
3632,5494,9126
9056,8511,17567
2828,5805,8633
1806,8486,10292
9202,2868,12070
8878,6690,15568
8827,6429,15256
4564,2389,6953
8274,1824,10098
3265,1936,5201
7402,4845,12247
2796,9245,12041
8214,1726,9940
3736,2913,6649
8657,3466,12123
8312,9194,17506
8906,5876,14782
8287,1892,10179
5675,2933,8608
2380,2290,4670
2640,8490,11130
2218,6016,8234
7881,1954,9835
8291,1974,10265
5133,6370,11503
4972,6295,11267
9228,4020,13248
9987,5036,15023
6068,6233,12301
1317,3396,4713
3162,3745,6907
2591,7183,9774
4930,2312,7242
5311,8314,13625
3383,4239,7622
3139,2704,5843
7924,1362,9286
3604,5286,8890
4738,3469,8207
5795,7150,12945
1556,3808,5364
6150,8561,14711
3719,7506,11225
4741,4998,9739
3403,9780,13183
1294,6343,7637
2136,3064,5200
8009,5543,13552
2007,6445,8452
6352,2435,8787
1571,3382,4953
6084,1277,7361
8059,2887,10946
2265,8491,10756
2040,9073,11113
3752,9213,12965
5569,7353,12922
3353,8437,11790
5799,1686,7485
9476,5811,15287
9954,6346,16300
6043,3428,9471
6126,9220,15346
8813,4356,13169
9707,8266,17973
7540,1038,8578
4342,3844,8186
2098,8027,10125
2823,4155,6978
4093,6658,10751
4778,3896,8674
1988,5116,7104
7446,5179,12625
2682,6626,9308
8424,1933,10357
4598,2980,7578
4056,9984,14040
1791,6390,8181
7635,3255,10890
4610,2607,7217
6179,7573,13752
1984,6776,8760
4676,4380,9056
9711,9782,19493
2050,4633,6683
7342,1959,9301
7059,9884,16943
6655,5473,12128
3946,8725,12671
1526,4224,5750
2875,2763,5638
9712,6797,16509
8099,6109,14208
7644,1116,8760
3433,6463,9896
1583,9586,11169
4788,5167,9955
9465,2389,11854
9357,7154,16511
6420,9920,16340
3043,5197,8240
4496,1778,6274
1213,4762,5975
7731,4117,11848
6791,9783,16574
3720,9905,13625
7047,9032,16079
1001,7368,8369
2949,7732,10681
8833,1917,10750
4174,8014,12188
1089,2709,3798
4041,1105,5146
9619,2895,12514
7090,9508,16598
7082,1634,8716
2925,3056,5981
7917,4144,12061
1552,9907,11459
6383,4911,11294
4389,9442,13831
3430,1458,4888
1207,1899,3106
1021,9601,10622
1894,1514,3408
8294,5904,14198
8867,5109,13976
8179,2560,10739
2266,4638,6904
9941,4427,14368
5780,2927,8707
3356,5790,9146
1306,8979,10285
4665,8057,12722
1661,5644,7305
9503,3920,13423
9946,7236,17182
7078,1352,8430
8005,1158,9163
1956,3071,5027
9595,4453,14048
7675,1955,9630
7295,2712,10007
5703,7563,13266
6631,2394,9025
5732,4714,10446
1529,3958,5487
8904,4591,13495
7895,1525,9420
7477,1001,8478
1374,5648,7022
3365,2525,5890
2646,1013,3659
5599,3278,8877
4155,9321,13476
4814,4216,9030
9219,3113,12332
5356,6543,11899
5555,8062,13617
4374,7430,11804
4466,4081,8547
1629,1269,2898
6724,6897,13621
4432,7276,11708
6895,8115,15010
7656,1575,9231
8029,7099,15128
4192,4178,8370
7052,3734,10786
7116,4568,11684
3203,2390,5593
2742,2925,5667
1619,2274,3893
1956,2939,4895
4953,1968,6921
1281,7262,8543
2058,5293,7351
6178,7980,14158
2229,5585,7814
9467,3740,13207
3289,2239,5528
6370,1125,7495
8473,6342,14815
8351,7638,15989
7570,4249,11819
8595,7294,15889
7527,6757,14284
2969,1891,4860
5470,8175,13645
9320,7812,17132
8519,5612,14131
2198,6238,8436
7089,7257,14346
8705,4719,13424
1302,1986,3288
5440,5909,11349
4072,4124,8196
9125,4291,13416
5033,6105,11138
1703,9133,10836
1574,6704,8278
8848,6208,15056
7924,4828,12752
4230,1488,5718
8114,4173,12287
2667,5114,7781
4553,8761,13314
2000,2388,4388
6450,4712,11162
2367,9189,11556
1454,3772,5226
4726,8232,12958
5806,3190,8996
3875,6592,10467
2440,9927,12367
7059,8010,15069
8117,3989,12106
7228,7471,14699
3863,2177,6040
5760,1011,6771
6252,5399,11651
9234,6445,15679
7570,9212,16782
1406,5431,6837
6243,7542,13785
7936,9906,17842
5146,1140,6286
5882,7012,12894
1963,8151,10114
9564,4610,14174
7894,8311,16205
1105,6539,7644
7787,3137,10924
5445,4530,9975
2286,8052,10338
4654,8102,12756
3359,9105,12464
9636,7441,17077
6047,9227,15274
6203,2798,9001
6291,6495,12786
7284,8285,15569
2300,7869,10169
4097,5616,9713
1009,6752,7761
7295,5815,13110
2072,4225,6297
2316,6699,9015
7807,7674,15481
4683,8227,12910
4273,8000,12273
1145,6010,7155
4040,1482,5522
4179,2249,6428
1630,9853,11483
3852,1987,5839
8622,8327,16949
9841,2100,11941
7652,9632,17284
8421,6016,14437
1769,2343,4112
5358,7780,13138
7602,3349,10951
6699,2241,8940
2125,7764,9889
6101,8843,14944
1072,6472,7544
6189,3472,9661
1707,2804,4511
7704,4713,12417
6051,3475,9526
4610,5255,9865
8397,2735,11132
9258,8979,18237
3428,8426,11854
9533,6249,15782
6291,3817,10108
4874,5211,10085
1661,4374,6035
1207,3665,4872
3493,7813,11306
1632,4083,5715
4719,8123,12842
2679,1236,3915
8446,5443,13889
7770,7099,14869
9555,3368,12923
1285,1148,2433
5037,7549,12586
8121,5895,14016
6280,2012,8292
3785,4725,8510
5576,6782,12358
7257,3408,10665
1340,3817,5157
3496,6962,10458
6299,8574,14873
2689,4267,6956
5406,9453,14859
2442,9597,12039
5437,6435,11872
9435,5107,14542
1560,9785,11345
6548,2826,9374
8629,9325,17954
4138,8693,12831
9264,8842,18106
7721,8002,15723
5225,3978,9203
8373,6907,15280
7097,6656,13753
9984,5259,15243
9286,6901,16187
5917,9429,15346
3530,2960,6490
8045,2048,10093
6772,3529,10301
3964,8137,12101
1963,1536,3499
8340,8179,16519
8967,9734,18701
1845,6777,8622
4036,6947,10983
3494,3719,7213
2884,5349,8233
6179,7610,13789
7430,8154,15584
7488,5737,13225
7525,4850,12375
1689,6175,7864
9648,6078,15726
6448,2179,8627
7406,9591,16997
7907,9800,17707
2638,6671,9309
7928,2382,10310
2403,4292,6695
1419,5517,6936
4302,8857,13159
8870,6693,15563
1767,3044,4811
2549,7140,9689
4716,5481,10197
8898,7548,16446
3293,5837,9130
8758,7793,16551
8638,8993,17631
7007,6542,13549
7356,9433,16789
8380,3385,11765
5268,1671,6939
1163,9656,10819
5592,5795,11387
5798,7036,12834
3355,6887,10242
8961,6827,15788
9737,5719,15456
1593,5839,7432
8394,4493,12887
7164,3672,10836
5200,1016,6216
4191,1392,5583
9616,7272,16888
1571,4631,6202
7172,8177,15349
9433,4897,14330
9123,3279,12402
9980,8451,18431
9906,1775,11681
7869,3247,11116
8088,1078,9166
9080,8099,17179
4926,8340,13266
8083,7230,15313
5940,4271,10211
4456,8788,13244
9599,8650,18249
3711,2668,6379
1147,7420,8567
1365,5531,6896
6330,6510,12840
9754,9964,19718
7493,6439,13932
7511,8504,16015
2246,4839,7085
9551,3376,12927
4009,2827,6836
7979,9569,17548
5285,7910,13195
9561,3196,12757
4747,9843,14590
6978,6607,13585
1769,1780,3549
7303,4983,12286
9714,1521,11235
8569,6784,15353
5583,6946,12529
5941,7267,13208
8128,3461,11589
1685,3160,4845
8031,6341,14372
1038,5875,6913
2256,8697,10953
3196,8165,11361
1301,8527,9828
7381,1646,9027
9789,9853,19642
5330,8003,13333
4537,5558,10095
7579,9474,17053
5082,5183,10265
9652,4754,14406
2724,2376,5100
9706,9894,19600
2653,3066,5719
1022,3460,4482
6926,7251,14177
8295,4300,12595
7279,9553,16832
8353,4727,13080
7272,6995,14267
1514,1448,2962
7019,6343,13362
9033,3520,12553
4081,2428,6509
4967,7445,12412
3159,6132,9291
3547,3979,7526
3649,9505,13154
4083,2037,6120
4489,8604,13093
8544,3634,12178
4983,2778,7761
8902,6110,15012
6189,8378,14567
2124,1697,3821
3179,6251,9430
2929,2013,4942
1226,8321,9547
2828,8909,11737
6588,3023,9611
5966,6891,12857
2080,6036,8116
3563,4292,7855
4586,5431,10017
7841,7643,15484
4959,1161,6120
1593,4390,5983
6997,7354,14351
1663,1541,3204
6433,6093,12526
1867,9623,11490
6469,7256,13725
2169,1830,3999
2651,2136,4787
3810,9667,13477
2019,6237,8256
2283,1659,3942
3010,9590,12600
2733,3125,5858
3171,9266,12437
4471,6624,11095
9691,9329,19020
3097,6068,9165
7397,3757,11154
4920,9186,14106
2900,3610,6510
7900,2449,10349
9738,6017,15755
8999,7052,16051
3096,9895,12991
7404,4331,11735
8462,6105,14567
3978,3839,7817
4384,1685,6069
8531,5283,13814
8736,8710,17446
2619,7868,10487
2431,5713,8144
5998,1162,7160
2974,4291,7265
9461,1631,11092
1905,3014,4919
8896,1204,10100
1581,6675,8256
6347,3643,9990
9017,3297,12314
1874,6560,8434
1689,5000,6689
1671,8927,10598
2171,6591,8762
7342,2449,9791
3539,4959,8498
7285,6432,13717
5260,3361,8621
7164,4670,11834
2753,9100,11853
2938,9562,12500
6976,7588,14564
9616,7304,16920
8345,8875,17220
7633,1597,9230
4062,3336,7398
1572,8521,10093
7171,8097,15268
3090,7566,10656
5624,2633,8257
2517,4648,7165
2537,4137,6674
7985,1097,9082
4750,9535,14285
9174,9103,18277
6413,5666,12079
1610,2727,4337
2854,6055,8909
3324,6774,10098
7519,2749,10268
1781,8548,10329
7823,3105,10928
4867,8193,13060
5976,3113,9089
6879,4970,11849
8264,2577,10841
3274,5869,9143
7744,3426,11170
6546,7852,14398
3551,7411,10962
1007,9087,10094
3555,1475,5030
6416,9676,16092
8239,7710,15949
6000,5654,11654
9078,7063,16141
3285,6223,9508
7971,4525,12496
3822,5943,9765
7530,1258,8788
1282,2898,4180
5135,7629,12764
4200,6110,10310
8167,1612,9779
1687,4690,6377
9804,3307,13111
8133,7509,15642
6906,3591,10497
8183,6248,14431
9766,6108,15874
4604,1669,6273
5364,8329,13693
2283,1923,4206
2125,2529,4654
9438,4711,14149
9004,7274,16278
4864,8833,13697
7788,1226,9014
1264,1645,2909
8544,6569,15113
3990,3504,7494
1587,5079,6666
4348,7299,11647
4831,9381,14212
2715,7450,10165
6433,2098,8531
8096,3326,11422
7416,7980,15396
7763,2674,10437
8950,9915,18865
7049,2089,9138
5578,1155,6733
2958,7344,10302
6779,7144,13923
6063,4830,10893
9831,7659,17490
1441,7040,8481
6925,8358,15283
5628,7370,12998
1948,9179,11127
7115,1459,8574
8568,5646,14214
1392,2787,4179
8374,2138,10512
5741,8418,14159
7362,3454,10816
4674,2377,7051
7701,3597,11298
1141,3659,4800
5596,6661,12257
7142,6626,13768
9787,9472,19259
1423,7999,9422
5249,2750,7999
5757,2967,8724
5088,5178,10266
8789,3946,12735
6394,8880,15274
6075,8230,14305
2531,3990,6521
8155,5493,13648
1933,2460,4393
3723,1285,5008
1264,7816,9080
2762,1040,3802
6827,9259,16086
1987,8804,10791
8789,6717,15506
4198,6374,10572
5790,8183,13973
3524,3479,7003
6154,1778,7932
2492,1660,4152
2348,8851,11199
8156,3044,11200
8368,4516,12884
5577,1727,7304
8468,1342,9810
2447,7581,10028
7317,1526,8843
7748,1405,9153
8986,4740,13726
2846,2478,5324
1771,6525,8296
9770,1193,10963
3007,2185,5192
3394,5005,8399
8429,3261,11690
4736,7716,12452
5875,9921,15796
5378,8815,14193
4451,8616,13067
3800,9333,13133
6410,2455,8865
7892,6808,14700
7796,5796,13592
6093,2325,8418
5976,2159,8135
5650,5987,11637
5697,1340,7037
4828,2968,7796
1703,6482,8185
7376,2800,10176
6463,5912,12375
5648,1855,7503
3866,1182,5048
4112,6670,10782
5492,6823,12315
2517,6002,8519
2356,4629,6985
4628,9210,13838
7132,7588,14720
4311,7048,11359
7246,1987,9233
4321,5615,9936
9365,4741,14106
4052,7574,11626
1726,4760,6486
6806,2875,9681
7993,5033,13026
6443,1989,8432
4744,9611,14355
1593,2774,4367
1935,4808,6743
1331,8922,10253
3702,6889,10591
6054,4868,10922
5200,1201,6401
3497,2842,6339
5658,8544,14202
8718,1770,10488
4155,2628,6783
1386,7031,8417
7439,7401,14840
5008,3466,8474
3282,2856,6138
8980,2998,11978
6476,5669,12145
5318,8064,13382
8446,2431,10877
6624,8461,15085
2819,2130,4949
7563,3658,11221
4500,9566,14066
3120,5020,8140
4259,2823,7082
2474,3242,5716
4243,7990,12233
6160,4134,10294
3070,1359,4429
2141,2635,4776
5000,4361,9361
7583,8835,16418
1006,4267,5273
7564,5928,13492
3606,6906,10512
4273,8611,12884
1913,3011,4924
2442,6546,8988
2829,9767,12596
7468,1929,9397
4699,2054,6753
6744,2900,9644
7980,8069,16049
4415,1442,5857
7218,5652,12870
8939,8833,17772
8597,5458,14055
7591,3309,10900
7268,1910,9178
5340,5009,10349
7628,3169,10797
3172,6668,9840
7313,9315,16628
9036,7789,16825
1785,7139,8924
7344,3416,10760
9988,5154,15142
6619,2936,9555
4807,8151,12958
4236,3352,7588
2932,9556,12488
5916,6498,12414
1946,2439,4385
8730,5857,14587
1340,1382,2722
9491,1138,10629
1358,5931,7289
4456,2627,7083
7626,6004,13630
7652,7416,15068
4170,4835,9005
9017,3151,12168
7905,3834,11739
3567,2307,5874
9848,3660,13508
4730,7207,11937
4162,2140,6302
9458,2708,12166
4630,4211,8841
7538,1475,9013
8684,2207,10891
2960,1557,4517
1882,5761,7643
6867,7963,14830
8166,8929,17095
6347,8269,14616
9125,3454,12579
5494,2946,8440
3808,7642,11450
4825,4536,9361
7068,4802,11870
5699,2970,8669
6806,7142,13948
3819,1364,5183
5258,4119,9377
2863,1115,3978
8084,9016,17100
3384,4935,8319
8742,6442,15184
3490,7980,11470
8661,2724,11385
9182,3767,12949
2137,5117,7254
4420,6845,11265
5778,4906,10684
4637,3953,8590
6929,1276,8205
2999,2227,5226
7337,4735,12072
1695,5152,6847
8901,8470,17371
8537,3841,12378
5208,9733,14941
2088,4363,6451
1024,7144,8168
6668,5236,11904
9068,3235,12303
8295,9392,17687
9448,4747,14195
4175,5897,10072
6037,8427,14464
9605,3014,12619
2381,2098,4479
4426,4655,9081
8938,1187,10125
6409,3092,9501
3130,6242,9372
9549,6647,16196
6185,6776,12961
8913,8547,17460
8823,8355,17178
7465,2497,9962
3555,6409,9964
3951,2238,6189
5727,4965,10692
6686,4701,11387
3780,8398,12178
2588,3368,5956
6789,1436,8225
3828,2556,6384
8570,8480,17050
1182,8190,9372
7687,6565,14252
8241,8651,16892
6575,2589,9164
9851,1159,11010
7555,9244,16799
7846,3307,11153
2228,8226,10454
6590,7919,14509
6585,7046,13631
5945,8927,14872
8016,8758,16774
6086,8161,14247
2884,2809,5693
4167,7352,11519
7056,3437,10493
7468,6951,14419
6276,9859,16135
8818,5728,14546
3624,6738,10362
5232,6793,12025
5523,6571,12094
3224,9389,12613
7091,9662,16753
7361,2948,10309
8094,7318,15412
4796,1234,6030
4607,9043,13650
1522,6904,8426
5888,6832,12720
8122,6842,14964
2316,2124,4440
6621,6423,13044
3587,6672,10259
2378,4374,6752
2519,6777,9296
8935,7093,16028
9418,6355,15773
5968,6574,12542
5072,3257,8329
9588,5424,15012
4237,4893,9130
3005,3016,6021
2772,9353,12125
4976,2751,7727
9967,8430,18397
8170,7469,15639
4220,1539,5759
2461,6184,8645
9547,1234,10781
2548,8480,11028
5213,2673,7886
7708,8982,16690
3100,4748,7848
4173,2815,6988
4841,9016,13857
8011,5493,13504
1674,9088,10762
9578,3158,12736
3661,3064,6725
4253,5979,10232
8703,9931,18634
2401,4259,6660
4923,5214,10137
4227,3745,7972
7091,4866,11957
6818,3222,10040
3792,5063,8855
2524,9224,11748
7198,5025,12223
3566,3803,7369
4709,7155,11864
1719,7516,9235
5579,1972,7551
4718,8395,13113
5402,5552,10954
3207,5426,8633
7919,9835,17754
9386,9680,19066
3204,6345,9549
4276,2102,6378
6243,7614,13857
9707,6223,15930
9584,1630,11214
7683,1277,8960
1232,6690,7922
8659,1025,9684
8468,7410,15878
9652,4764,14416
7599,6102,13701
8006,4483,12489
2994,9682,12676
2072,7707,9779
1215,8605,9820
3606,9350,12956
5781,4313,10094
8763,6939,15702
3295,6685,9980
2696,2946,5642
3783,4644,8427
6241,7420,13661
8557,3645,12202
7589,7353,14942
2932,2757,5689
6085,6637,12722
2116,1492,3608
9811,8888,18699
7474,5958,13432
3743,8866,12609
8160,6451,14611
6258,9548,15806
8186,7102,15288
1619,1882,3501
9988,4642,14630
2296,9436,11732
3895,7593,11488
1929,6366,8295
9711,4212,13923
3409,9199,12608
4423,7976,12399
8594,6158,14752
4667,6973,11640
7236,9277,16513
3468,7217,10685
4619,2636,7255
9155,4583,13738
5009,4326,9335
9148,3217,12365
5967,3369,9336
4638,6722,11360
5444,8618,14062
4947,2676,7623
2196,3787,5983
8432,8927,17359
4318,9858,14176
7689,3176,10865
4743,9792,14535
5422,4824,10246
3451,1628,5079
8778,4696,13474
4674,4929,9603
3765,5369,9134
9307,5956,15263
1692,4162,5854
2105,4008,6113
3161,9345,12506
4699,4786,9485
5200,2913,8113
6520,2772,9292
3780,8423,12203
3871,1660,5531
7242,2132,9374
1699,8470,10169
7297,8812,16109
5557,3179,8736
9275,2422,11697
4180,5316,9496
7696,1614,9310
5570,1270,6840
3468,4607,8075
4075,1289,5364
9120,7614,16734
4252,8415,12667
7771,1278,9049
1580,5958,7538
9445,5276,14721
8997,5776,14773
1824,4832,6656
9891,6445,16336
2380,7534,9914
4156,5307,9463
6634,9575,16209
6810,9533,16343
6934,4109,11043
5082,4240,9322
7028,2849,9877
9497,3749,13246
7680,1205,8885
8352,5591,13943
4450,8214,12664
4811,6141,10952
9501,3708,13209
2991,9463,12454
4273,5538,9811
9712,4722,14434
4551,3832,8383
6679,7579,14258
1152,6754,7906
3800,6310,10110
3610,2104,5714
8361,5199,13560
4854,8263,13117
2914,8365,11279
4072,1406,5478
1166,1508,2674
2661,4664,7325
4489,1680,6169
3524,3120,6644
6260,5357,11617
2363,3292,5655
2538,4408,6946
8742,9752,18494
2903,1174,4077
3230,5287,8517
5160,8106,13266
4171,2567,6738
2151,8619,10770
7033,9560,16593
5946,9234,15180
2907,4490,7397
3535,5173,8708
2293,5769,8062
5796,7871,13667
3972,4922,8894
5997,8032,14029
1992,9112,11104
6287,3240,9527
2476,7426,9902
1389,1999,3388
2855,9125,11980
9850,3763,13613
4663,5986,10649
2481,8256,10737
4731,8262,12993
1451,4093,5544
1882,5408,7290
5068,4277,9345
9566,8951,18517
5690,5595,11285
5559,8291,13850
9160,1112,10272
6131,4197,10328
1139,2424,3563
3949,4168,8117
9708,7043,16751
7989,8236,16225
7261,1887,9148
4104,1049,5153
4951,4560,9511
1018,5821,6839
7340,9058,16398
3606,8846,12452
9643,7432,17075
4765,3438,8203
7358,9319,16677
6941,8644,15585
5855,7547,13402
8196,6911,15107
7481,3761,11242
5456,7361,12817
6693,6788,13481
1201,7160,8361
1517,8737,10254
2988,4802,7790
6808,8162,14970
7241,9399,16640
6633,6755,13388
7309,5117,12426
9345,2518,11863
7163,3600,10763
3195,4554,7749
3849,2742,6591
2306,4849,7155
8519,5195,13714
6178,3555,9733
3305,8619,11924
3642,7409,11051
5757,3994,9751
9751,2271,12022
2813,9801,12614
3461,5120,8581
7124,9475,16599
5396,1816,7212
8304,8331,16635
1082,2920,4002
8817,3093,11910
8071,8967,17038
9367,6285,15652
5937,1369,7306
2818,3101,5919
4490,2779,7269
8674,2364,11038
8294,4676,12970
3426,9264,12690
9089,3962,13051
1859,5138,6997
3424,5017,8441
9560,9342,18902
2134,6166,8300
6119,6694,12813
7136,6485,13621
5164,3346,8510
6039,5897,11936
9252,6041,15293
4901,2337,7238
2184,5426,7610
2551,2629,5180
2526,2361,4887
5370,6283,11653
8610,2993,11603
1869,2014,3883
1602,1690,3292
9685,1489,11174
7864,8240,16104
8786,9024,17810
1294,6488,7782
5027,3912,8939
5744,2873,8617
4258,3817,8075
9636,4641,14277
5458,6307,11765
9933,3041,12974
1679,6738,8417
6668,8697,15365
9033,1062,10095
8829,8352,17181
7915,9326,17241
4644,5970,10614
9003,4278,13281
8296,4074,12370
9312,8552,17864
2637,6103,8740
1644,3032,4676
3761,3068,6829
1241,3668,4909
1802,6059,7861
1195,3187,4382
3330,5841,9171
4606,9468,14074
1060,4927,5987
7296,3591,10887
9758,7121,16879
2200,3854,6054
8024,7972,15996
1136,2029,3165
3594,8206,11800
1661,3472,5133
1086,7219,8305
9143,7968,17111
3773,2700,6473
3700,7815,11515
2647,7038,9685
6164,6520,12684
4687,1596,6283
5545,9676,15221
9837,5757,15594
5384,9912,15296
5733,8081,13814
9690,8117,17807
5729,2673,8402
9306,8178,17484
3294,4630,7924
1146,4453,5599
5507,6783,12290
8751,6628,15379
9328,4360,13688
4005,4552,8557
1018,3242,4260
7318,6097,13415
9640,2948,12588
6618,5236,11854
7901,2920,10821
5188,1238,6426
1204,6552,7756
5927,5390,11317
3687,5951,9638
7160,6388,13548
6126,1816,7942
1192,2776,3968
4645,7314,11959
9442,2788,12230
8374,4700,13074
4893,7811,12704
3679,4904,8583
8260,1504,9764
7773,4816,12589
1717,5434,7151
1658,6057,7715
5008,5994,11002
5234,4764,9998
5637,3104,8741
7801,9575,17376
3607,9385,12992
4719,3581,8300
3565,3763,7328
7328,6991,14319
4406,9923,14329
5780,5177,10957
7476,3604,11080
9181,3382,12563
1531,7079,8610
1634,1002,2636
9397,6951,16348
6626,8739,15365
7003,3890,10893
7239,9026,16265
4306,1897,6203
1670,8291,9961
2505,7460,9965
6167,6255,12422
1249,7457,8706
2892,4439,7331
3854,4792,8646
6330,8871,15201
9235,4612,13847
3618,5678,9296
4163,3942,8105
9411,2925,12336
3972,1990,5962
2812,9995,12807
1489,6876,8365
4645,8081,12726
3891,4516,8407
4340,7410,11750
1053,3575,4628
1615,6944,8559
8404,1954,10358
2629,7859,10488
9841,4278,14119
6455,4801,11256
3561,7539,11100
1370,1857,3227
5886,8485,14371
1383,5334,6717
5290,3725,9015
7204,7111,14315
5251,1922,7173
3915,8957,12872
4046,2230,6276
8647,5933,14580
4940,7483,12423
1203,1160,2363
9960,4748,14708
7718,3581,11299
2093,5500,7593
9799,6710,16509
3875,4191,8066
2837,1689,4526
4759,3103,7862
1365,9092,10457
5172,7033,12205
3378,2205,5583
5988,6669,12657
3735,9490,13225
1956,7623,9579
2474,5460,7934
8002,7396,15398
3828,3850,7678
3964,5594,9558
7644,3850,11494
1165,1919,3084
9305,4504,13809
1991,7047,9038
4839,2258,7097
8609,9706,18315
5804,1067,6871
6660,5478,12138
9210,4521,13731
1572,8082,9654
8832,6395,15227
3258,7039,10297
1650,6741,8391
7838,3587,11425
8876,4262,13138
2338,5996,8334
6780,3827,10607
6232,3217,9449
4539,8845,13384
5383,3961,9344
4226,7837,12063
8031,4716,12747
4414,2448,6862
1570,3904,5474
3505,1917,5422
7982,8427,16409
7336,2678,10014
1615,8086,9701
5749,4505,10254
5529,2135,7664
9566,8226,17792
6162,1206,7368
5875,2319,8194
2141,5627,7768
8389,3690,12079
8323,4255,12578
9281,6213,15494
5108,4020,9128
2857,9996,12853
3789,4875,8664
8605,9135,17740
7055,4882,11937
8175,8129,16304
6021,5735,11756
3387,7582,10969
6866,3566,10432
1975,8212,10187
2262,6047,8309
8382,7231,15613
4327,6630,10957
3259,2257,5516
1464,4294,5758
7774,8431,16205
2230,4805,7035
7419,6750,14169
4856,4135,8991
7953,7034,14987
5589,2546,8135
7065,2094,9159
3411,3617,7028
9954,5145,15099
3775,7628,11403
4155,4970,9125
8972,9775,18747
6415,5331,11746
2942,7026,9968
9301,1191,10492
1861,7711,9572
1649,5134,6783
8587,9828,18415
2036,5131,7167
3148,6457,9605
7079,3430,10509
2879,8542,11421
3011,4373,7384
8357,2289,10646
2447,4199,6646
7381,8522,15903
7059,4183,11242
6462,4216,10678
4136,4318,8454
3782,8657,12439
5920,7324,13244
7327,9417,16744
1776,6208,7984
1687,1529,3216
6067,9080,15147
6518,3153,9671
7094,7974,15068
5774,8692,14466
4103,3440,7543
5135,8124,13259
6201,1844,8045
1446,4915,6361
4109,2234,6343
7587,1226,8813
5143,8185,13328
6558,1186,7744
3535,2932,6467
3032,2252,5284
6509,6074,12583
2881,1269,4150
2630,5405,8035
7139,2574,9713
2695,4258,6953
4262,2445,6707
7263,9411,16674
1052,6570,7622
8579,2666,11245
7901,3785,11686
1719,9597,11316
7855,3294,11149
9263,5482,14745
1698,8243,9941
6918,1348,8266
6374,8869,15243
1307,4416,5723
5820,4558,10378
5478,7531,13009
5620,3985,9605
9112,9467,18579
3547,1336,4883
3979,4968,8947
1910,2996,4906
4129,6447,10576
7129,6850,13979
5204,8446,13650
9519,1314,10833
2134,5876,8010
9102,9347,18449
6592,2724,9316
4343,1886,6229
1721,8678,10399
4357,1870,6227
7751,1497,9248
2756,2117,4873
3828,2647,6475
7992,7771,15763
1142,3761,4903
4435,7622,12057
8069,5512,13581
2848,3696,6544
2717,4072,6789
3786,4791,8577
4871,2806,7677
2504,4308,6812
8117,6048,14165
9263,2690,11953
4303,4113,8416
8850,7416,16266
2504,9924,12428
4924,9615,14539
5485,9100,14585
9684,1191,10875
9690,5917,15607
6831,5322,12153
7999,8282,16281
2874,5763,8637
9464,2051,11515
8538,8411,16949
7320,3105,10425
1307,8737,10044
4359,4176,8535
2251,6366,8617
2517,7226,9743
6305,6869,13174
9039,5891,14930
5992,2961,8953
3863,7603,11466
5567,7513,13080
5005,1183,6188
8755,4358,13113
7615,7797,15412
9728,8678,18406
6698,2273,8971
7653,2096,9749
9002,5247,14249
6314,4354,10668
1270,2186,3456
7305,3398,10703
7995,8299,16294
5182,3230,8412
7511,1128,8639
4672,5765,10437
4970,8545,13515
6552,1627,8179
7589,3044,10633
3341,6884,10225
9185,1249,10434
3925,6043,9968
1974,8192,10166
3672,8279,11951
8531,9662,18193
2987,1090,4077
9721,5059,14780
3773,9383,13156
8409,5440,13849
8347,2008,10355
4783,7646,12429
5298,5668,10966
5287,3052,8339
7009,2716,9725
1310,5538,6848
2260,4932,7192
1584,8616,10200
9551,3866,13417
6898,3011,9909
7251,5939,13190
5006,2625,7631
1890,7078,8968
8036,9923,17959
4961,3504,8465
9806,4806,14612
7100,2719,9819
7686,2587,10273
8000,1896,9896
6558,9469,16027
5647,3432,9079
4904,7837,12741
2449,5500,7949
6454,5117,11571
9869,3028,12897
7845,4758,12603
6904,5624,12528
9848,1165,11013
5591,1589,7180
5524,3821,9345
7509,8693,16202
1071,4580,5651
8962,1268,10230
3462,2015,5477
8984,1406,10390
8384,7049,15433
7169,8982,16151
1985,5485,7470
9901,3618,13519
7289,7928,15217
6368,5621,11989
8566,5670,14236
8658,2003,10661
8504,3466,11970
2939,2635,5574
9095,7265,16360
2895,7524,10419
2073,6184,8257
3402,5895,9297
8331,2956,11287
8023,4907,12930
1807,9378,11185
5827,5524,11351
3284,6313,9597
1757,5887,7644
4854,4558,9412
1961,4847,6808
7726,4575,12301
3418,5198,8616
2001,6244,8245
8119,5066,13185
3845,9849,13694
6316,1422,7738
7715,5266,12981
8549,7316,15865
3710,9644,13354
9069,2657,11726
3541,7763,11304
4075,4164,8239
3053,9479,12532
6737,4217,10954
2447,7009,9456
1607,5552,7159
2764,3671,6435
7519,4962,12481
4177,4722,8899
5906,8263,14169
6054,1808,7862
1725,8701,10426
2216,5051,7267
3197,3806,7003
9970,1972,11942
6634,8483,15117
3123,9790,12913
1224,2814,4038
2106,1124,3230
4246,3931,8177
3971,3017,6988
8415,3415,11830
4096,2609,6705
1717,4561,6278
7782,2048,9830
9307,8905,18212
6578,2620,9198
7548,8381,15929
5780,4792,10572
3941,6695,10636
7401,7197,14598
6450,9975,16425
9432,6874,16306
2553,2012,4565
9378,2881,12259
7799,5586,13385
9622,9430,19052
7447,3345,10792
1075,6877,7952
7785,5922,13707
9090,3330,12420
5686,2902,8588
5670,8143,13813
3059,1140,4199
2789,1016,3805
1464,5471,6935
2827,9711,12538
6956,1089,8045
5815,3851,9666
3843,7543,11386
6901,1969,8870
2094,7124,9218
8347,4195,12542
2404,7940,10344
5290,4982,10272
6555,8954,15509
5713,4092,9805
5159,7308,12467
8478,9476,17954
5933,5926,11859
4969,3965,8934
5319,9975,15294
8108,4939,13047
1044,2810,3854
5566,2909,8475
7364,3581,10945
1691,1931,3622
8910,7382,16292
4406,9339,13745
2032,2311,4343
9579,4121,13700
2873,7781,10654
4748,1277,6025
2859,6929,9788
7792,5713,13505
5675,2170,7845
9681,6308,15989
3462,1287,4749
6953,5282,12235
2907,2161,5068
1129,7337,8466
3363,9151,12514
6983,1143,8126
9207,8469,17676
1244,1926,3170
4178,3176,7354
6002,1886,7888
9532,4398,13930
9497,3654,13151
8392,2371,10763
8135,1320,9455
5654,6300,11954
7761,7854,15615
6505,7553,14058
5042,8498,13540
7636,8362,15998
1011,1194,2205
3537,3842,7379
3229,4009,7238
8984,3077,12061
8845,4867,13712
5873,9635,15508
1297,6856,8153
2015,2384,4399
9745,3350,13095
2269,2260,4529
8701,9376,18077
5563,7897,13460
6672,6593,13265
7155,6543,13698
8240,5683,13923
2881,9713,12594
4809,6807,11616
5883,8206,14089
5155,5673,10828
2409,6197,8606
8452,9718,18170
3172,1279,4451
4977,3669,8646
8825,4981,13806
5769,6247,12016
5427,7135,12562
6573,5131,11704
8189,5535,13724
3776,8697,12473
9386,1662,11048
9671,9044,18715
5218,6060,11278
6874,6581,13455
3014,4789,7803
8148,8766,16914
3364,4629,7993
6919,6675,13594
9872,7638,17510
5651,1609,7260
8940,4866,13806
1371,7998,9369
1615,7911,9526
7010,3253,10263
5942,1864,7806
2268,8454,10722
9976,5571,15547
6229,3237,9466
5054,1935,6989
7394,8891,16285
1325,8774,10099
4861,2985,7846
5932,5603,11535
3778,9832,13610
8754,5078,13832
2367,5042,7409
3575,7754,11329
2581,2986,5567
3240,4966,8206
8604,9320,17924
6968,8493,15461
5103,3076,8179
6231,3994,10225
4744,6594,11338
8531,8371,16902
2644,4144,6788
1242,5085,6327
8954,8269,17223
8130,7828,15958
9362,9844,19206
7331,4512,11843
2499,3158,5657
6162,5039,11201
3035,8977,12012
1857,4823,6680
7770,1298,9068
8244,1923,10167
5232,5306,10538
3799,7578,11377
5875,6326,12201
7582,2802,10384
3657,4346,8003
3949,1941,5890
2907,5837,8744
9105,2243,11348
6696,2466,9162
4957,2966,7923
1375,1262,2637
5362,7502,12864
8833,2893,11726
9106,2652,11758
6540,4892,11432
1599,5815,7414
2912,9792,12704
9572,5213,14785
4637,6599,11236
7448,9557,17005
8382,9982,18364
4569,8707,13276
1746,9504,11250
5633,1920,7553
8008,3381,11389
4618,9989,14607
5443,1272,6715
2773,3547,6320
4164,5780,9944
1946,1506,3452
7719,9435,17154
9697,7360,17057
8657,4590,13247
2192,2464,4656
1390,6615,8005
7106,9864,16970
3560,6867,10427
2211,2539,4750
1643,9693,11336
9921,2283,12204
8680,8345,17025
5386,1919,7305
3339,9947,13286
6930,6402,13332
6663,6275,12938
1507,2436,3943
9750,8354,18104
5516,4622,10138
5399,6037,11436
9111,4715,13826
8837,2301,11138
8370,6185,14555
3155,7411,10566
7365,1692,9057
2478,7396,9874
9448,1441,10889
3646,6209,9855
7533,5677,13210
8211,3645,11856
9210,8933,18143
6476,8928,15404
3080,7089,10169
8396,8797,17193
1861,9346,11207
4494,1904,6398
2269,1404,3673
2184,9938,12122
2725,9462,12187
6811,6606,13417
4956,1171,6127
9465,3306,12771
1421,6540,7961
5675,7748,13423
7103,2473,9576
4243,3181,7424
4096,7646,11742
6882,6982,13864
6798,9415,16213
9411,9456,18867
5524,7559,13083
8620,3774,12394
6673,4124,10797
9671,2353,12024
4854,9134,13988
1924,3170,5094
6506,3395,9901
9220,9226,18446
6515,3670,10185
4365,1588,5953
4138,7663,11801
5086,9531,14617
5270,7019,12289
1556,9022,10578
6452,4567,11019
4899,7477,12376
8500,2016,10516
7470,3062,10532
5321,4496,9817
2813,7256,10069
3313,2231,5544
6831,3999,10830
4440,5056,9496
1305,2689,3994
4917,8080,12997
9611,3936,13547
4862,6649,11511
4261,2819,7080
2342,6560,8902
3226,2079,5305
5206,7280,12486
8235,1813,10048
6089,3031,9120
9514,6911,16425
3653,4340,7993
8876,2141,11017
9558,3897,13455
5041,3038,8079
5270,5683,10953
1494,8116,9610
2784,4510,7294
4786,6266,11052
6428,7681,14109
7893,5658,13551
8082,7869,15951
8607,8669,17276
7219,5534,12753
6979,9890,16869
2312,3962,6274
3938,4197,8135
6296,8204,14500
6730,1126,7856
6602,2191,8793
3639,2366,6005
7453,7671,15124
7683,5539,13222
9876,3887,13763
5086,3261,8347
5180,3841,9021
7040,4560,11600
5758,1626,7384
6014,2375,8389
2181,6708,8889
1490,4729,6219
6974,4534,11508
4296,2940,7236
6014,2882,8896
5908,3987,9895
6585,4159,10744
5530,1681,7211
6254,2073,8327
3387,3693,7080
5340,3156,8496
8966,3580,12546
8257,3159,11416
7772,2627,10399
9219,8080,17299
2985,9488,12473
3181,3296,6477
8164,3597,11761
1901,7060,8961
2677,3881,6558
6622,9052,15674
2378,2248,4626
6650,7079,13729
8036,7487,15523
2058,3048,5106
7115,5248,12363
3476,5603,9079
4553,1220,5773
5818,8192,14010
5623,8349,13972
6618,8209,14827
5576,2871,8447
8915,2462,11377
6521,9536,16057
9236,8813,18049
3068,6753,9821
8237,8016,16253
7191,2514,9705
3598,2001,5599
2033,7899,9932
9465,6051,15516
5476,1478,6954
1515,2191,3706
7297,1271,8568
9334,8778,18112
7008,8987,15995
4332,1787,6119
7222,1622,8844
4841,4676,9517
3572,7915,11487
6033,8788,14821
6214,5712,11926
1066,8533,9599
5616,2140,7756
6730,8465,15195
5471,4339,9810
1548,8675,10223
9264,1198,10462
1571,1790,3361
2174,1178,3352
3244,5086,8330
1734,7232,8966
1798,8601,10399
9979,3795,13774
5588,8297,13885
4084,1731,5815
2129,2605,4734
3933,9516,13449
6074,8099,14173
2490,1893,4383
2390,4389,6779
5239,5479,10718
3263,4432,7695
3371,5312,8683
2515,7326,9841
8088,6586,14674
3917,6731,10648
8686,2167,10853
9302,6109,15411
5327,6810,12137
4655,4793,9448
7738,2577,10315
3220,2030,5250
7691,4992,12683
1913,7358,9271
3181,4197,7378
7040,2462,9502
8037,5994,14031
6308,7221,13529
8090,8769,16859
1687,5661,7348
2894,8389,11283
5922,7322,13244
4183,4797,8980
6178,4968,11146
3716,1190,4906
2335,9181,11516
1378,4829,6207
7380,1615,8995
3330,2754,6084
1463,5267,6730
4158,4624,8782
5938,6417,12355
7004,9881,16885
6603,3212,9815
7120,6818,13938
1382,3256,4638
2412,7146,9558
1371,6806,8177
6565,9802,16367
9307,8437,17744
1446,2391,3837
2340,3939,6279
6969,5813,12782
4569,6454,11023
4150,7414,11564
5657,7947,13604
8943,4662,13605
5482,5797,11279
6068,6480,12548
9033,1983,11016
6607,9543,16150
2907,7924,10831
9737,5174,14911
8265,2990,11255
6596,4998,11594
4775,5645,10420
3061,5487,8548
5435,3644,9079
2045,8951,10996
7449,3681,11130
4199,7768,11967
8440,9633,18073
3550,5225,8775
1596,7054,8650
2505,7468,9973
8236,2551,10787
7852,2449,10301
6953,9456,16409
9042,3659,12701
8509,8893,17402
8445,3721,12166
3925,8104,12029
7240,1512,8752
1215,8299,9514
4153,8450,12603
2706,2567,5273
2128,4510,6638
8867,3365,12232
6583,5897,12480
6718,7001,13719
5567,3741,9308
4020,7256,11276
1228,9362,10590
1294,5284,6578
9617,7801,17418
1918,1498,3416
3809,5961,9770
4779,3118,7897
7391,1145,8536
8942,5565,14507
1192,6187,7379
7637,9243,16880
3410,2820,6230
3964,3521,7485
3568,6882,10450
2867,8465,11332
8602,4199,12801
7103,1240,8343
4440,5631,10071
9274,6077,15351
4768,8995,13763
9802,7429,17231
4605,3173,7778
7568,3601,11169
3657,7080,10737
8325,3159,11484
4830,9313,14143
5368,2317,7685
5493,2230,7723
2133,8607,10740
2301,2910,5211
9082,9107,18189
8970,2916,11886
7996,3757,11753
7464,1178,8642
7362,9683,17045
1060,7681,8741
3895,1585,5480
6823,1534,8357
4462,5011,9473
4398,3155,7553
6966,8329,15295
7957,6325,14282
9518,5703,15221
3706,1001,4707
9316,2104,11420
2861,6269,9130
7943,9320,17263
1437,5846,7283
4129,9081,13210
1901,6398,8299
7678,6529,14207
7604,4918,12522
2067,1026,3093
7937,8264,16201
8118,1547,9665
9758,9895,19653
6338,4140,10478
8996,2590,11586
8776,5943,14719
9997,8798,18795
4791,2357,7148
9092,4225,13317
3460,9737,13197
3728,7726,11454
8481,7430,15911
4114,1616,5730
4644,7413,12057
2203,3565,5768
4174,4081,8255
3630,4161,7791
5321,9861,15182
7269,8099,15368
8376,5078,13454
6801,5151,11952
9911,3600,13511
7175,1666,8841
1283,6840,8123
4565,5593,10158
2465,9321,11786
5734,7257,12991
8366,4672,13038
8382,7587,15969
1992,7858,9850
3121,3223,6344
5522,4188,9710
4237,5136,9373
1343,5704,7047
5823,5920,11743
4201,6471,10672
1888,8127,10015
4720,3883,8603
5212,7961,13173
3415,4001,7416
2738,2364,5102
3708,1924,5632
1151,9777,10928
9044,1912,10956
3321,1495,4816
3148,1556,4704
2552,3120,5672
4085,4504,8589
1156,9926,11082
8505,8162,16667
6523,8543,15066
9055,5654,14709
7250,8246,15496
1154,8950,10104
1996,5626,7622
3905,1153,5058
8853,7481,16334
6599,2716,9315
1786,5368,7154
9096,5272,14368
4767,9834,14601
6994,8216,15210
9857,4426,14283
4783,6427,11210
8011,9052,17063
4701,3349,8050
8011,8055,16066
2212,7965,10177
7704,8433,16137
3511,1143,4654
8367,4228,12595
5582,7031,12613
5243,3713,8956
5185,8328,13513
5633,4192,9825
1300,1723,3023
6694,4010,10704
6555,1067,7622
3506,2537,6043
1397,6680,8077
5825,9747,15572
7048,4661,11709
3941,8067,12008
6091,2601,8692
2480,7230,9710
4276,7447,11723
6499,7273,13772
2299,6818,9117
7701,5994,13695
8489,9269,17758
3831,3721,7552
2532,9429,11961
6253,2996,9249
6311,1277,7588
4089,1523,5612
5275,6365,11640
4122,9167,13289
6190,5575,11765
8727,2797,11524
3131,8322,11453
7500,1815,9315
9634,7666,17300
1142,2410,3552
1534,4364,5898
2032,4342,6374
7085,5500,12585
2172,5517,7689
9007,2641,11648
1471,3940,5411
9738,5726,15464
8670,4723,13393
1363,4309,5672
1545,4240,5785
7665,2936,10601
1882,4840,6722
7923,5611,13534
6204,8288,14492
4203,3244,7447
1018,1641,2659
4083,6200,10283
9521,1865,11386
1773,5732,7505
4518,7795,12313
7984,3567,11551
2674,1739,4413
2545,6127,8672
7947,7620,15567
5555,6645,12200
9943,8124,18067
4732,3283,8015
9669,7998,17667
6413,2269,8682
8868,3603,12471
6961,9569,16530
8557,2680,11237
9433,6682,16115
9084,6367,15451
1069,4924,5993
7200,3007,10207
9992,9119,19111
3779,5920,9699
1755,7495,9250
6935,3330,10265
6705,9301,16006
2016,8347,10363
9216,5938,15154
3838,1737,5575
7200,9371,16571
1231,2917,4148
9534,6918,16452
3623,9646,13269
7401,8072,15473
3276,8393,11669
9787,4874,14661
5530,8164,13694
5497,8933,14430
3135,7727,10862
2565,1308,3873
9534,9627,19161
9368,1138,10506
1193,4257,5450
4235,1942,6177
5620,6720,12340
7353,5957,13310
4381,6839,11220
3880,5887,9767
1545,2927,4472
5152,1004,6156
6533,6378,12911
7233,3663,10896
4326,4659,8985
2131,5763,7894
7737,6092,13829
7022,4159,11181
7159,8318,15477
9445,6307,15752
9520,4044,13564
6636,3892,10528
6288,6812,13100
1654,6481,8135
1759,7782,9541
2798,6159,8957
9446,6262,15708
4823,2876,7699
7154,8787,15941
5516,4734,10250
6972,7639,14611
6356,7380,13736
2008,5314,7322
3508,5758,9266
3682,8311,11993
1989,9446,11435
5711,7479,13190
7964,9075,17039
5452,9447,14899
2007,7496,9503
8688,4908,13596
3803,5379,9182
1098,9388,10486
1877,2868,4745
3665,2388,6053
3415,9761,13176
3637,8242,11879
9613,3883,13496
2204,1544,3748
2223,4172,6395
9959,7450,17409
7520,1654,9174
7821,3446,11267
6892,9412,16304
4666,5277,9943
5402,3569,8971
6515,4985,11500
9167,8448,17615
5310,4019,9329
4681,5196,9877
1572,5753,7325
8082,5002,13084
6629,9417,16046
5200,2997,8197
9963,8422,18385
5524,9625,15149
4407,7731,12138
8795,3793,12588
8334,3911,12245
8952,3415,12367
1250,5951,7201
9098,6289,15387
9102,8257,17359
6565,7437,14002
2173,9624,11797
1835,3262,5097
5567,4815,10382
1246,3429,4675
6287,3607,9894
6930,5022,11952
5784,7617,13401
4151,6580,10731
8054,8706,16760
8619,5573,14192
4491,1706,6197
7997,6233,14230
9945,6755,16700
7960,9779,17739
2334,6588,8922
2847,7851,10698
8211,8865,17076
4317,7811,12128
1164,8060,9224
4057,5428,9485
1402,9605,11007
9236,7349,16585
5157,1867,7024
9210,1364,10574
8467,7571,16038
1579,8674,10253
9737,7468,17205
5150,4039,9189
5137,1452,6589
7537,2381,9918
9154,2467,11621
3738,8572,12310
7747,1880,9627
4149,9276,13425
8892,5144,14036
2168,4129,6297
4645,3526,8171
4516,4367,8883
8338,4555,12893
6111,7752,13863
1445,7364,8809
4626,5016,9642
4875,6497,11372
7238,1261,8499
5992,5025,11017
9283,5222,14505
5175,4443,9618
6011,1693,7704
9347,2812,12159
6724,2407,9131
9032,2410,11442
4497,5372,9869
8394,1551,9945
5332,1997,7329
5076,7099,12175
6555,5052,11607
6303,9118,15421
7102,6490,13592
9564,6616,16180
3248,1848,5096
7354,9695,17049
9070,9894,18964
4625,1314,5939
3376,5378,8754
9449,1574,11023
6585,6492,13077
9949,3810,13759
9134,6670,15804
8715,7567,16282
4459,7117,11576
4992,8837,13829
1203,3775,4978
2992,3243,6235
9498,2687,12185
5109,2860,7969
6176,1722,7898
9971,9720,19691
5893,1343,7236
6398,9400,15798
5736,4406,10142
1919,6819,8738
3044,1418,4462
2749,8378,11127
2099,4392,6491
3772,7784,11556
2545,2070,4615
7522,2850,10372
6053,3939,9992
8194,6851,15045
7673,1678,9351
1988,2502,4490
2789,6281,9070
6027,2425,8452
7654,3440,11094
7856,8367,16223
3594,5689,9283
3436,6517,9953
7310,4539,11849
4483,8371,12854
3241,7378,10619
3765,5911,9676
1403,4382,5785
5163,8630,13793
1087,6816,7903
6470,7276,13746
6739,5273,12012
7523,6003,13526
9038,7606,16644
3064,6315,9379
1317,2502,3819
7130,8419,15549
3042,5598,8640
1118,1709,2827
4557,4250,8807
9061,9609,18670
3603,2101,5704
5421,8857,14278
9177,7082,16259
7658,3261,10919
9021,1508,10529
3379,9879,13258
5752,6495,12247
4209,8398,12607
7743,6648,14391
6171,8890,15061
1324,4557,5881
4587,1151,5738
1954,5354,7308
8160,1687,9847
9501,4127,13628
7763,4395,12158
1845,2164,4009
6904,6360,13264
1354,2872,4226
3024,3817,6841
4832,9257,14089
3581,3486,7067
9418,3443,12861
9919,2036,11955
9684,8435,18119
2548,6065,8613
7496,7183,14679
4957,4407,9364
1639,1172,2811
6666,5354,12020
4959,9708,14667
9714,3886,13600
3164,4945,8109
6235,8746,14981
3590,8754,12344
5934,5076,11010
6185,2093,8278
4880,7559,12439
3785,7065,10850
7539,2574,10113
6676,9060,15736
4990,6210,11200
5845,2189,8034
3689,5095,8784
2875,8768,11643
4406,4932,9338
9240,6408,15648
4861,8406,13267
3833,6285,10118
8645,5777,14422
3735,9273,13008
9278,7368,16646
1821,8525,10346
1162,8777,9939
2932,4535,7467
6956,4446,11402
3790,3707,7497
8959,4933,13892
4385,7636,12021
1922,9089,11011
1564,4258,5822
3500,5566,9066
7881,4636,12517
7030,1223,8253
7297,1350,8647
8314,2928,11242
8743,9540,18283
5732,2017,7749
3226,8206,11432
8170,7207,15377
3419,7240,10659
2893,6322,9215
8718,7878,16596
2125,4117,6242
5161,5042,10203
5433,9638,15071
3658,4483,8141
3944,8210,12154
8653,9787,18440
2986,2074,5060
5305,4007,9312
1969,9772,11741
3824,2211,6035
1229,5284,6513
4185,1501,5686
1048,4566,5614
4055,9880,13935
1386,1969,3355
6820,4052,10872
8397,3302,11699
3283,5366,8649
1122,7799,8921
4727,9450,14177
5958,1524,7482
9399,1148,10547
9001,1437,10438
4749,9186,13935
5453,6336,11789
5551,3823,9374
6728,9677,16405
9391,2982,12373
7996,3311,11307
8225,1604,9829
9175,6785,15960
5597,8759,14356
8532,9740,18272
1838,4815,6653
1847,5709,7556
5507,7575,13082
5773,5468,11241
6192,4320,10512
5698,5311,11009
4673,2564,7237
2840,7058,9898
8131,1726,9857
7697,1282,8979
2081,4885,6966
3881,3970,7851
7985,1947,9932
5760,1066,6826
9828,9505,19333
1564,4670,6234
3251,1804,5055
5631,2235,7866
7720,7906,15626
7016,4549,11565
8938,5141,14079
7966,6335,14301
6077,6611,12688
9089,3892,12981
6577,4618,11195
2559,7683,10242
2507,3063,5570
4642,3000,7642
2294,5065,7359
9014,2603,11617
2322,6956,9278
3441,2098,5539
6073,9488,15561
4787,3096,7883
3208,6988,10196
1175,8169,9344
7014,2667,9681
9867,2823,12690
6147,2356,8503
4072,4259,8331
7199,1546,8745
6231,8965,15196
3083,3040,6123
5534,2752,8286
2849,3642,6491
2600,5402,8002
4799,1618,6417
2132,6491,8623
6795,8633,15428
2487,8848,11335
6009,3113,9122
2044,3431,5475
8979,2582,11561
2308,5917,8225
9793,2620,12413
8503,5766,14269
6362,6192,12554
7622,7093,14715
7704,1100,8804
7657,6875,14532
5271,1237,6508
8226,9032,17258
6218,5025,11243
7073,3542,10615
2537,1754,4291
8396,8823,17219
6507,5235,11742
1540,6510,8050
9461,8926,18387
6131,9697,15828
2129,4145,6274
9553,4720,14273
5067,5195,10262
8281,3509,11790
6016,7533,13549
5727,1681,7408
4932,6560,11492
5016,8339,13355
1719,1074,2793
5157,9511,14668
3149,7713,10862
5207,8141,13348
9652,4936,14588
2075,4876,6951
5615,8265,13880
7379,5652,13031
7792,8456,16248
5674,1541,7215
3161,3251,6412
5569,3744,9313
7041,5675,12716
2560,2164,4724
6419,3722,10141
1470,2468,3938
8925,1808,10733
9363,7719,17082
6073,9012,15085
2645,9249,11894
2129,2353,4482
1767,4895,6662
9874,4454,14328
8329,2790,11119
1885,8734,10619
4906,5492,10398
3073,1312,4385
7269,6317,13586
1810,7841,9651
3032,8129,11161
3705,9788,13493
3147,1615,4762
1947,6677,8624
5651,8866,14517
3013,4697,7710
1490,5350,6840
3428,5987,9415
9733,5920,15653
3926,8282,12208
5376,5868,11244
7986,7862,15848
5423,7870,13293
9159,3073,12232
7170,1701,8871
9113,7825,16938
8867,5264,14131
8968,9146,18114
8776,9558,18334
9719,5886,15605
4935,5619,10554
6191,7875,14066
8856,6401,15257
4022,6738,10760
6984,2770,9754
9989,4215,14204
7694,3976,11670
4737,1752,6489
2392,7789,10181
1677,1105,2782
5753,2946,8699
6544,2095,8639
7985,2782,10767
5541,4257,9798
7213,5869,13082
2561,5006,7567
4981,6682,11663
6782,1943,8725
5550,1600,7150
7376,2524,9900
4766,1250,6016
1078,4123,5201
8064,9417,17481
2209,6153,8362
5898,3178,9076
8610,9895,18505
3544,6522,10066
3370,4281,7651
5710,1328,7038
6579,5228,11807
7794,1120,8914
7749,1964,9713
5224,4675,9899
6694,3076,9770
7865,6643,14508
9524,6249,15773
2316,2196,4512
4170,1355,5525
1028,2013,3041
3024,9490,12514
6839,6791,13630
1754,9961,11715
4735,2238,6973
2906,8399,11305
8961,5601,14562
2460,8669,11129
2416,8766,11182
2428,5378,7806
8529,5474,14003
4071,1555,5626
9547,2563,12110
2040,3686,5726
3553,2779,6332
1075,5326,6401
6835,6057,12892
3349,3773,7122
3262,4229,7491
1392,2108,3500
5362,6188,11550
9802,6057,15859
4998,9864,14862
7566,4677,12243
6796,7363,14159
9123,9222,18345
8690,2400,11090
5071,9808,14879
3786,8169,11955
1870,5196,7066
3739,1940,5679
1340,8422,9762
5133,1659,6792
4457,3975,8432
1453,9184,10637
6442,1818,8260
5868,1012,6880
8727,1920,10647
5920,3418,9338
7475,3017,10492
8957,5792,14749
7830,3434,11264
3868,2438,6306
4543,2781,7324
7343,3263,10606
1211,9699,10910
7159,8027,15186
1331,7860,9191
9044,9169,18213
9742,6720,16462
1727,5975,7702
4243,1648,5891
6095,7614,13709
8135,2009,10144
2550,9995,12545
8492,4401,12893
8447,6424,14871
5241,4161,9402
5155,8478,13633
9719,7617,17336
6660,9624,16284
2176,8956,11132
9592,3233,12825
5700,6906,12606
8860,8526,17386
6559,7732,14291
3513,8830,12343
7944,8910,16854
6649,2096,8745
2951,8799,11750
9804,1595,11399
8875,5439,14314
6972,1858,8830
6519,8385,14904
9636,5317,14953
4454,2030,6484
8906,2447,11353
3850,9106,12956
8151,7952,16103
5055,6402,11457
2672,5532,8204
5924,7085,13009
8734,5864,14598
2221,3860,6081
9428,4253,13681
4782,7957,12739
1766,3681,5447
8710,8482,17192
6086,8964,15050
3665,4513,8178
1495,6822,8317
3072,8795,11867
9529,4949,14478
7033,9328,16361
3555,7370,10925
5415,6959,12374
6993,6021,13014
3907,3914,7821
4870,6085,10955
7546,1395,8941
1938,3510,5448
5636,2649,8285
4690,4435,9125
4201,5179,9380
9405,4237,13642
4862,1058,5920
5938,3971,9909
9314,4345,13659
3486,1561,5047
4981,7261,12242
2737,4554,7291
8095,9266,17361
1294,9212,10506
6330,5655,11985
2109,4771,6880
9563,7123,16686
8647,2174,10821
2164,9712,11876
5466,6538,12004
8111,9434,17545
3800,5607,9407
8262,2541,10803
3765,5491,9256
4083,6356,10439
2857,1769,4626
2422,9598,12020
3972,2872,6844
6599,3269,9868
6275,5749,12024
7571,6072,13643
6463,8450,14913
9420,4959,14379
2313,8847,11160
2070,4285,6355
9949,4095,14044
1320,3321,4641
1555,5939,7494
6432,2386,8818
5763,7854,13617
8637,5841,14478
4867,4793,9660
8373,3513,11886
4803,3327,8130
9809,3165,12974
4308,7452,11760
9067,8642,17709
7404,1992,9396
6424,5381,11805
4174,5782,9956
6560,8460,15020
4078,3983,8061
8259,7054,15313
3523,5581,9104
6609,3001,9610
2387,7552,9939
2030,2220,4250
7035,7523,14558
9074,1834,10908
2724,7598,10322
3413,6993,10406
5498,3105,8603
3568,1209,4777
5911,3220,9131
1233,1792,3025
4110,3166,7276
9526,6193,15719
2214,5419,7633
8314,9475,17789
1212,2658,3870
6024,6917,12941
6141,2794,8935
6988,9296,16284
6578,6551,13129
4845,7906,12751
1378,4293,5671
4329,5808,10137
8937,1224,10161
1737,1235,2972
1711,6988,8699
2888,8173,11061
2259,6246,8505
8271,1748,10019
4551,7400,11951
7643,9701,17344
2823,7852,10675
8777,5232,14009
7519,2777,10296
2222,8630,10852
2777,8490,11267
5859,9893,15752
9118,3989,13107
9343,2325,11668
6127,9998,16125
3722,5656,9378
2325,5133,7458
3869,2242,6111
9539,2831,12370
2569,8246,10815
2918,7416,10334
4232,4758,8990
6997,3355,10352
2824,8280,11104
5060,6324,11384
1404,2721,4125
6316,4845,11161
5210,1064,6274
7382,1968,9350
1368,9424,10792
3242,6002,9244
4083,9073,13156
9880,2469,12349
5725,5259,10984
4622,1823,6445
4431,7528,11959
5151,5213,10364
8420,9989,18409
1779,3892,5671
6534,4306,10840
3902,4718,8620
1021,2500,3521
4641,6212,10853
1191,9587,10778
8174,6114,14288
5662,5326,10988
5335,9281,14616
9648,6494,16142
9536,3711,13247
8595,7273,15868
7284,9817,17101
4994,2678,7672
9414,1743,11157
1462,2568,4030
2736,8903,11639
8002,9856,17858
2356,2014,4370
2054,2764,4818
7009,5458,12467
1667,4370,6037
6976,2394,9370
9290,5070,14360
7982,9613,17595
6599,4650,11249
4620,4190,8810
9789,1391,11180
2075,3650,5725
3384,1809,5193
9047,6501,15548
7895,2159,10054
8574,2531,11105
6481,8548,15029
5976,6695,12671
9445,4548,13993
7163,7671,14834
6264,2231,8495
3423,9071,12494
5261,3908,9169
5712,7755,13467
4883,4515,9398
4403,5598,10001
6008,7222,13230
5009,3735,8744
5491,9593,15084
1974,1223,3197
5613,7777,13390
9427,5211,14638
1225,9183,10408
5277,2341,7618
5036,9401,14437
4727,4928,9655
3803,7558,11361
1393,7839,9232
9795,1581,11376
1132,3838,4970
4385,4770,9155
3268,1975,5243
8605,8213,16818
3835,3738,7573
5134,7833,12967
9353,2909,12262
2963,6153,9116
1966,1889,3855
4061,7461,11522
7166,7967,15133
9101,8379,17480
8280,2067,10347
5223,5607,10830
4985,4179,9164
5538,3362,8900
3224,7371,10595
2726,6791,9517
9073,9458,18531
8013,1837,9850
5584,1686,7270
1356,5647,7003
5418,7642,13060
4391,5357,9748
5879,6319,12198
3739,5784,9523
1877,3870,5747
1292,9728,11020
3686,1233,4919
3374,3272,6646
1966,1889,3855
4863,7154,12017
4400,9226,13626
5542,4523,10065
2763,4291,7054
3488,2558,6046
5690,7121,12811
3276,5439,8715
2103,8520,10623
6409,8869,15278
3956,8710,12666
7017,4384,11401
1028,9897,10925
8756,7948,16704
6755,4602,11357
6062,9071,15133
8244,7372,15616
8105,4581,12686
3762,1572,5334
8705,1614,10319
5050,1325,6375
4740,1358,6098
4777,6906,11683
2721,2349,5070
4696,4896,9592
5260,7941,13201
4808,6246,11054
9384,4845,14229
3577,1091,4668
5234,9672,14906
7592,9128,16720
2075,3513,5588
9168,7861,17029
9990,1604,11594
3979,8140,12119
8065,5916,13981
7800,1597,9397
8320,9705,18025
6622,2877,9499
2699,6780,9479
1716,5086,6802
1665,8846,10511
7611,2079,9690
9419,9340,18759
2069,6263,8332
8951,2363,11314
5508,2755,8263
1519,6463,7982
8233,2102,10335
1597,4273,5870
6781,7256,14037
8258,9780,18038
7554,9002,16556
5846,5798,11644
7605,3986,11591
1400,3855,5255
4412,1056,5468
9022,2875,11897
5543,5298,10841
4768,6752,11520
5833,2353,8186
5987,7597,13584
5311,3934,9245
1022,2209,3231
9940,1804,11744
9325,5416,14741
9625,6141,15766
5968,4671,10639
8292,8001,16293
3098,9444,12542
6061,4264,10325
6435,9493,15928
7691,3763,11454
5005,4241,9246
4057,1550,5607
6574,6411,12985
2587,6920,9507
6260,5409,11669
6783,1712,8495
6406,8990,15396
8420,7843,16263
3433,4301,7734
1270,2079,3349
6322,9795,16117
6257,8982,15239
7214,6006,13220
4985,9791,14776
9705,6991,16696
7227,8833,16060
3886,3653,7539
5864,3514,9378
4969,4284,9253
8740,5566,14306
3196,1789,4985
4475,2309,6784
1864,6389,8253
4363,9215,13578
4003,9502,13505
2231,8959,11190
3711,7581,11292
8705,1421,10126
1946,2834,4780
2564,8332,10896
5944,2308,8252
3986,1386,5372
7131,4258,11389
7121,5811,12932
7574,7697,15271
4933,2439,7372
7169,5480,12649
1055,4324,5379
7777,1105,8882
4201,1669,5870
9934,1966,11900
1307,3138,4445
1109,4632,5741
7728,6684,14412
7499,2915,10414
1556,8619,10175
1104,3047,4151
1145,1873,3018
1298,4238,5536
9837,7382,17219
3511,7596,11107
1783,5992,7775
1370,1486,2856
8378,4196,12574
5287,3261,8548
9572,1238,10810
7843,2105,9948
2386,2667,5053
3691,8756,12447
2996,2425,5421
9023,7849,16872
4247,3592,7839
2490,2224,4714
3587,8714,12301
4064,8804,12868
1832,3440,5272
5795,2646,8441
1440,6956,8396
3367,7696,11063
6190,5663,11853
8062,5331,13393
4034,4262,8296
3107,8036,11143
5320,6938,12258
3747,5677,9424
8972,5264,14236
4133,2465,6598
5109,3211,8320
6539,2689,9228
8727,8764,17491
5541,4541,10082
1818,5521,7339
2124,6660,8784
6641,2129,8770
2702,3001,5703
7912,4878,12790
8232,7331,15563
7035,7523,14558
9111,9736,18847
3401,9974,13375
1539,6615,8154
3956,9077,13033
4722,6087,10809
7460,3170,10630
4391,7942,12333
2616,7458,10074
3756,7853,11609
8709,2936,11645
4091,1968,6059
8297,4203,12500
7499,6173,13672
1889,9984,11873
8382,4531,12913
1801,9234,11035
4349,9005,13354
4201,1349,5550
1583,4377,5960
7028,8694,15722
7196,8083,15279
4401,4185,8586
6285,7772,14057
9490,4347,13837
1788,5945,7733
3889,6273,10162
4272,6234,10506
7902,8612,16514
3492,7745,11237
5240,3322,8562
6298,2861,9159
7620,5047,12667
8581,8320,16901
2098,6247,8345
2734,5663,8397
6909,4416,11325
7302,8593,15895
1680,9163,10843
3070,7668,10738
9001,3191,12192
9859,8586,18445
9872,3846,13718
3463,7837,11300
5922,5392,11314
4183,4167,8350
3997,7521,11518
4227,7564,11791
3024,1329,4353
3486,2155,5641
5477,3185,8662
8086,3317,11403
4621,5491,10112
3511,8842,12353
9641,8848,18489
6404,6393,12797
2293,3465,5758
4175,8849,13024
9444,9210,18654
3759,6255,10014
9414,1002,10416
9130,2259,11389
9190,5323,14513
6773,3568,10341
2885,8060,10945
8844,7111,15955
3338,4758,8096
5810,7791,13601
8171,3731,11902
1869,6166,8035
1093,3987,5080
9627,5947,15574
7651,7979,15630
7794,7524,15318
4144,4587,8731
1076,9959,11035
7553,9297,16850
7694,3873,11567
4346,8024,12370
4148,1244,5392
3625,4849,8474
8737,9333,18070
1892,6487,8379
8251,8310,16561
3399,5640,9039
3960,8325,12285
2469,4374,6843
9847,9234,19081
8923,6122,15045
6387,8631,15018
8226,6108,14334
3224,3110,6334
1957,8146,10103
1560,8413,9973
2312,2821,5133
6646,5945,12591
6374,3651,10025
5701,3877,9578
6582,6390,12972
5083,1745,6828
9749,1941,11690
5023,3296,8319
1939,2610,4549
7300,2725,10025
9853,8187,18040
1032,6985,8017
4414,2156,6570
4126,9252,13378
2543,1271,3814
6295,5076,11371
6902,3709,10611
6221,9529,15750
7722,9201,16923
5144,6606,11750
7766,1730,9496
5890,2648,8538
5228,3130,8358
5366,2506,7872
3158,3916,7074
4229,7265,11494
5136,3689,8825
8190,3810,12000
7152,1012,8164
6938,8999,15937
8219,6328,14547
4621,4683,9304
8872,6310,15182
1652,6799,8451
9812,4790,14602
2645,5512,8157
5759,6874,12633
4688,8689,13377
2379,5243,7622
7507,8819,16326
9593,3653,13246
6611,7127,13738
4923,9459,14382
6912,6130,13042
6439,8880,15319
7449,2725,10174
8522,5784,14306
2232,9808,12040
9338,8446,17784
5616,5725,11341
4677,7287,11964
9480,2409,11889
9205,1256,10461
2721,2423,5144
5953,3990,9943
2195,5559,7754
5365,2244,7609
7766,6302,14068
2306,3402,5708
1496,4399,5895
1909,1372,3281
7236,2344,9580
9515,3431,12946
5670,3784,9454
2695,2907,5602
5814,1780,7594
2019,2403,4422
2426,9855,12281
6868,1010,7878
7330,3825,11155
8464,4003,12467
8195,7720,15915
4088,2789,6877
4036,8377,12413
8598,5838,14436
6872,4653,11525
5299,1973,7272
8083,6494,14577
4406,6150,10556
4129,1104,5233
8433,8689,17122
4567,5348,9915
5390,7811,13201
2181,5644,7825
6873,5394,12267
4534,6844,11378
6939,7475,14414
2774,9283,12057
1446,1108,2554
4239,6931,11170
5053,5537,10590
7361,2245,9606
3720,9469,13189
8741,6105,14846
3922,3513,7435
3801,7981,11782
9221,7502,16723
7038,7229,14267
1364,2800,4164
6958,8436,15394
5793,9160,14953
1179,4873,6052
4960,2186,7146
1773,5460,7233
1352,7943,9295
6202,6344,12546
5507,5830,11337
1117,1481,2598
5287,7802,13089
9298,5477,14775
7533,1243,8776
8012,1865,9877
6329,1603,7932
6756,5018,11774
6192,3015,9207
4380,4770,9150
6829,2613,9442
2879,6372,9251
5108,9978,15086
1148,2754,3902
8378,7681,16059
4756,6392,11148
4052,6692,10744
5218,5803,11021
3377,6086,9463
4182,4160,8342
7576,9903,17479
3586,3648,7234
8313,2717,11030
6308,8407,14715
1870,4574,6444
6827,8986,15813
9462,9741,19203
6769,6733,13502
4240,5893,10133
1886,6854,8740
6318,3258,9576
5382,2785,8167
8727,1295,10022
3597,1680,5277
5890,5298,11188
1324,8952,10276
1986,4118,6104
1760,8758,10518
1906,6499,8405
1364,8769,10133
4413,9027,13440
8939,4081,13020
6448,4258,10706
3107,8928,12035
3933,3829,7762
9633,6006,15639
2559,2741,5300
6830,8523,15353
1625,2690,4315
9282,7310,16592
4006,5302,9308
2088,7007,9095
5611,8928,14539
5490,9378,14868
2597,4747,7344
3670,9431,13101
3580,8432,12012
9330,3506,12836
5725,5300,11025
9759,8002,17761
7131,9831,16962
5537,3335,8872
5321,3985,9306
1559,1713,3272
5593,4988,10581
7203,1256,8459
9768,1037,10805
9652,2832,12484
8600,6167,14767
1432,5151,6583
7411,2751,10162
5997,6720,12717
8616,1256,9872
1671,1489,3160
7889,3096,10985
2682,3460,6142
5529,6121,11650
2975,4216,7191
5515,6692,12207
5939,6563,12502
3963,5529,9492
7786,7200,14986
1976,8345,10321
1045,2193,3238
5512,5943,11455
7282,1246,8528
4219,9983,14202
1636,4775,6411
3421,5183,8604
1712,6845,8557
6323,7032,13355
4644,8773,13417
3108,4614,7722
7957,6279,14236
5332,4900,10232
8939,7963,16902
5568,8838,14406
2845,1382,4227
5112,8069,13181
4810,2509,7319
8573,2578,11151
1879,3162,5041
8714,2359,11073
5431,9148,14579
4960,4811,9771
5242,5217,10459
1080,3732,4812
8833,3709,12542
3422,4641,8063
1667,3496,5163
4499,9080,13579
7823,2189,10012
7604,9650,17254
2025,8785,10810
1071,6546,7617
3685,8372,12057
2848,3022,5870
7338,4741,12079
2298,5102,7400
1904,4026,5930
7709,5711,13420
9021,6969,15990
3620,3646,7266
5865,8345,14210
3289,8370,11659
4872,8690,13562
2440,1765,4205
5092,3666,8758
9655,6968,16623
8641,3181,11822
4888,1840,6728
6899,5118,12017
1565,7005,8570
8226,6890,15116
5311,8736,14047
9848,3982,13830
7083,1556,8639
4019,3580,7599
9146,9243,18389
5019,4138,9157
1671,1777,3448
5927,4022,9949
2860,4139,6999
2074,7763,9837
2986,7327,10313
2046,3176,5222
3338,1500,4838
3233,5608,8841
8234,8972,17206
7610,1600,9210
5284,5483,10767
6901,7129,14030
2754,3464,6218
5482,8400,13882
7806,9643,17449
8396,8338,16734
6241,8394,14635
7437,5695,13132
3588,2782,6370
6947,7594,14541
4520,4218,8738
4757,5016,9773
3837,7000,10837
8034,8309,16343
5239,5428,10667
5150,2446,7596
7468,6790,14258
5175,6080,11255
1864,7860,9724
9663,7217,16880
6672,2502,9174
5684,2410,8094
4770,5659,10429
5001,4483,9484
5562,1598,7160
4041,9160,13201
7391,8287,15678
1066,9123,10189
3750,9661,13411
7806,7429,15235
9123,2631,11754
7452,1774,9226
7107,8804,15911
5019,1929,6948
4012,6024,10036
7264,8973,16237
5729,8961,14690
3819,7655,11474
2184,9480,11664
7343,1527,8870
1916,4574,6490
4319,2406,6725
2241,6206,8447
8249,4133,12382
1798,2523,4321
8209,5928,14137
3888,3690,7578
5091,8282,13373
7249,1690,8939
9719,2495,12214
1892,9578,11470
6873,5503,12376
1897,1710,3607
4695,3686,8381
8188,6778,14966
8768,6013,14781
5512,1415,6927
5180,5262,10442
3515,6640,10155
7616,1992,9608
5370,2773,8143
4561,4816,9377
7633,2756,10389
3373,3576,6949
5184,9899,15083
3397,6969,10366
5535,7883,13418
9127,1734,10861
1632,5268,6900
5099,3901,9000
2663,6591,9254
4872,2054,6926
9572,4082,13654
9007,5261,14268
3389,4553,7942
6138,1544,7682
4663,3239,7902
4773,3627,8400
7618,7780,15398
9015,4130,13145
1096,4858,5954
3708,6397,10105
7152,1456,8608
6914,5368,12282
5088,9399,14487
2937,2146,5083
6152,5299,11451
9118,9634,18752
8759,8953,17712
5784,2461,8245
2159,1386,3545
8192,5775,13967
4409,1689,6098
8028,8262,16290
6664,7766,14430
1952,7142,9094
6967,8205,15172
3484,2854,6338
4231,3597,7828
8829,9186,18015
4983,7963,12946
7684,1656,9340
8743,7839,16582
7312,8938,16250
7176,4285,11461
6559,4563,11122
5584,5817,11401
6041,7182,13223
9026,4244,13270
2040,3273,5313
4629,3114,7743
8364,2677,11041
4094,6873,10967
3284,6052,9336
8062,2589,10651
3520,5648,9168
6729,1694,8423
8807,4683,13490
7704,8368,16072
2971,9055,12026
5218,2868,8086
2671,2728,5399
8632,7403,16035
7092,3142,10234
7184,7010,14194
1253,5102,6355
4542,3775,8317
8678,7212,15890
5637,7034,12671
9457,7476,16933
4148,4359,8507
2004,5717,7721
4271,1209,5480
6539,1153,7692
4593,9606,14199
2284,4148,6432
1768,6607,8375
4202,3787,7989
3210,8399,11609
7338,9733,17071
1358,1849,3207
8498,5522,14020
3544,2831,6375
2472,1329,3801
6851,8032,14883
6266,5354,11620
7435,8978,16413
5238,7112,12350
5722,2388,8110
5185,9911,15096
4235,5576,9811
2100,9864,11964
9708,3532,13240
8770,4670,13440
1781,4523,6304
7131,5782,12913
5995,2501,8496
4080,1502,5582
4885,9009,13894
1623,2050,3673
8385,7081,15466
6484,4772,11256
4916,5018,9934
2329,5114,7443
4367,9095,13462
6141,4951,11092
6084,2573,8657
3634,3768,7402
6302,7250,13552
2211,9967,12178
6955,2160,9115
6977,8041,15018
3383,6876,10259
4540,5635,10175
2095,6901,8996
9215,2079,11294
9370,3847,13217
2960,2473,5433
5888,5979,11867
2212,6697,8909
1419,4659,6078
6283,2340,8623
6137,6189,12326
2361,1591,3952
1526,8855,10381
2292,2654,4946
1187,3758,4945
9720,9625,19345
7431,7037,14468
9494,5182,14676
7973,1437,9410
1832,9988,11820
9751,9953,19704
6794,4574,11368
4785,6220,11005
8750,7818,16568
1684,5233,6917
1577,9007,10584
1227,3328,4555
3731,1430,5161
2709,6782,9491
2234,9493,11727
6205,2420,8625
1768,7034,8802
9635,4104,13739
5355,4305,9660
2538,2331,4869
9168,7939,17107
9261,6558,15819
6944,8126,15070
1480,6263,7743
5094,7167,12261
3793,3892,7685
2198,9011,11209
3372,2892,6264
6790,2883,9673
6467,1797,8264
9209,9235,18444
1154,5962,7116
5080,9050,14130
6947,5320,12267
2892,4424,7316
3015,7673,10688
7032,5833,12865
1565,8412,9977
3018,3314,6332
5412,4883,10295
9216,7739,16955
8902,2189,11091
8156,8342,16498
7884,4157,12041
6520,2741,9261
4688,8485,13173
6369,6644,13013
5023,1716,6739
4967,8423,13390
7450,4215,11665
8825,1390,10215
4037,1232,5269
4131,8634,12765
1233,2391,3624
1889,8902,10791
1745,1427,3172
1731,1799,3530
7507,8025,15532
8624,9326,17950
6383,7207,13590
3538,4718,8256
9232,4367,13599
6008,6229,12237
8388,3415,11803
8171,3949,12120
5261,6145,11406
4466,4088,8554
2115,5578,7693
3590,8372,11962
4573,3978,8551
8313,8022,16335
5975,5925,11900
9047,9090,18137
9051,6292,15343
7645,6403,14048
4430,2995,7425
7030,4891,11921
8145,9498,17643
3102,4030,7132
9524,9107,18631
1242,2884,4126
9015,7747,16762
9494,5330,14824
8863,4109,12972
3186,2550,5736
1646,7144,8790
5656,9904,15560
1537,7572,9109
1234,7539,8773
2374,2909,5283
8218,1080,9298
3083,2690,5773
1756,3670,5426
4751,9659,14410
6261,7852,14113
2494,6740,9234
9055,1901,10956
1672,9630,11302
1444,9655,11099
3198,3287,6485
5008,1496,6504
2463,7828,10291
5253,1493,6746
6065,6430,12495
2426,2793,5219
3723,1658,5381
5761,8630,14391
9741,9834,19575
5350,1207,6557
5190,2883,8073
3886,1477,5363
9953,9381,19334
7854,1755,9609
5931,6724,12655
5150,5060,10210
5765,4612,10377
7553,8378,15931
2689,2316,5005
8130,4186,12316
6789,2145,8934
5394,8942,14336
8548,1560,10108
2912,2864,5776
1296,3409,4705
8630,2461,11091
5292,3268,8560
1994,7554,9548
1007,3515,4522
2417,3316,5733
8358,4932,13290
7204,2287,9491
2118,9744,11862
8637,1660,10297
9907,7922,17829
9104,7337,16441
3529,4970,8499
4407,8416,12823
5760,2897,8657
7364,9464,16828
5087,5374,10461
8607,5019,13626
1815,8255,10070
1922,5867,7789
2264,4724,6988
3722,6355,10077
3550,6319,9869
7686,2673,10359
5587,6353,11940
7857,2666,10523
5511,7172,12683
2384,5403,7787
4954,7305,12259
9252,8238,17490
7981,7026,15007
7609,9664,17273
1958,9724,11682
1493,8042,9535
1081,7999,9080
3970,1011,4981
8824,1761,10585
4185,1025,5210
2806,7651,10457
6664,6154,12818
6824,4659,11483
2525,1760,4285
1594,8192,9786
2055,4083,6138
4675,6957,11632
6255,5228,11483
5181,2830,8011
4395,2203,6598
3810,4092,7902
4044,7071,11115
8272,5673,13945
4514,7192,11706
1144,8507,9651
5857,2377,8234
4146,6024,10170
1793,6756,8549
5414,2110,7524
6672,5053,11725
4937,4963,9900
5942,6897,12839
9974,2116,12090
2750,5027,7777
6745,6064,12809
6938,4397,11335
9265,2359,11624
5853,2941,8794
4148,8933,13081
2285,7474,9759
1770,2843,4613
1073,2660,3733
5349,8102,13451
9000,4818,13818
1331,2421,3752
8512,7890,16402
5931,7025,12956
5408,6113,11521
9419,3881,13300
3865,3575,7440
7185,9656,16841
6741,1277,8018
1065,5262,6327
6704,9594,16298
8989,7255,16244
8441,5692,14133
5419,8960,14379
7078,2437,9515
9620,8032,17652
6731,4378,11109
9584,7347,16931
7401,7629,15030
5541,8876,14417
9533,9324,18857
1264,2434,3698
6327,6097,12424
2660,6692,9352
3354,9457,12811
7461,8044,15505
6497,5549,12046
7334,7010,14344
5926,7065,12991
3179,5967,9146
1634,4631,6265
5677,3218,8895
2389,5276,7665
2249,8640,10889
6712,2245,8957
9245,1442,10687
7976,5675,13651
8953,5377,14330
8058,1822,9880
3939,8096,12035
6765,2031,8796
1562,1340,2902
5567,8862,14429
3296,1234,4530
6202,2291,8493
5727,9720,15447
3939,6435,10374
7981,6392,14373
8972,2233,11205
3800,3775,7575
7044,4487,11531
8383,4850,13233
5997,1890,7887
6920,2188,9108
6644,1740,8384
2369,3000,5369
2471,2536,5007
1318,6153,7471
2894,8991,11885
9592,6935,16527
1723,3329,5052
3770,8545,12315
5846,1267,7113
1569,2973,4542
9737,3822,13559
5460,1270,6730
8641,9930,18571
7680,2257,9937
9250,6370,15620
5858,9581,15439
9910,7999,17909
1120,7908,9028
3303,5861,9164
3911,9991,13902
8236,6565,14801
7531,2109,9640
7929,2250,10179
9177,2649,11826
8351,6911,15262
3956,6828,10784
5994,7436,13430
9676,8614,18290
9994,2715,12709
9150,4483,13633
8675,2757,11432
2809,6539,9348
7048,2151,9199
6492,7711,14203
7302,5747,13049
9402,5681,15083
3507,3963,7470
4428,8494,12922
4955,4705,9660
5038,1713,6751
8260,8011,16271
9879,9521,19400
2746,2207,4953
1784,3696,5480
8073,6036,14109
8127,4718,12845
6775,8910,15685
3693,1625,5318
4708,7859,12567
9953,8692,18645
7398,8252,15650
2555,9867,12422
5187,8767,13954
1036,2787,3823
7283,9060,16343
9065,4880,13945
6932,9328,16260
7333,6759,14092
7485,6067,13552
1661,8973,10634
7386,8887,16273
1414,7850,9264
9534,3729,13263
4897,3169,8066
2878,7454,10332
5570,2515,8085
1574,3867,5441
4544,5477,10021
1071,3980,5051
6492,5759,12251
9084,1039,10123
6373,8565,14938
2900,3217,6117
5796,5606,11402
2283,9775,12058
9650,1815,11465
3511,1246,4757
5825,7516,13341
1416,7702,9118
4717,1107,5824
5513,2421,7934
8283,1255,9538
8248,3962,12210
3282,9744,13026
9372,2477,11849
9762,5952,15714
6880,6592,13472
8091,1591,9682
7277,3260,10537
1347,9357,10704
6032,5443,11475
9774,7869,17643
6696,4038,10734
3845,8864,12709
7609,2265,9874
3274,3470,6744
3577,4660,8237
2068,6591,8659
6974,5829,12803
2950,9283,12233
4093,6311,10404
2387,5274,7661
3285,4206,7491
3924,8045,11969
9471,2618,12089
9562,6896,16458
8843,8063,16906
9495,2348,11843
6556,6289,12845
3422,4628,8050
3428,4033,7461
7157,9860,17017
9691,8813,18504
2414,7708,10122
9721,7635,17356
4621,6315,10936
1754,3347,5101
1726,5923,7649
3649,3815,7464
4279,3984,8263
4807,8876,13683
7099,1607,8706
7169,8790,15959
6573,1634,8207
2074,2914,4988
1588,4231,5819
7351,4838,12189
2973,6044,9017
7103,7683,14786
6837,7783,14620
6594,4822,11416
4389,6914,11303
2780,4688,7468
8211,6037,14248
7319,9640,16959
1081,7278,8359
7999,2406,10405
8410,2480,10890
4598,8993,13591
5183,4680,9863
8644,5310,13954
2758,3599,6357
6616,6813,13429
4853,3292,8145
2501,9422,11923
8550,5250,13800
7991,1114,9105
5406,3347,8753
2041,7927,9968
1011,8980,9991
8871,7375,16246
8098,4676,12774
7109,6397,13506
4065,3036,7101
4046,1540,5586
1076,4067,5143
1023,6134,7157
1675,7668,9343
5267,6988,12255
8652,9680,18332
2485,4659,7144
3419,8740,12159
8143,4495,12638
1756,9448,11204
2779,7487,10266
1258,5075,6333
9498,9014,18512
2118,8631,10749
4017,5341,9358
2658,9378,12036
2797,1784,4581
6691,4196,10887
9532,1562,11094
5746,3999,9745
2193,1068,3261
6679,3428,10107
7200,6396,13596
7993,4598,12591
1573,5214,6787
8636,2478,11114
7127,7676,14803
3196,9166,12362
9846,7050,16896
5650,9484,15134
5526,5412,10938
6443,9787,16230
3593,7852,11445
7629,4869,12498
8971,8822,17793
3989,8062,12051
6340,4823,11163
4932,9554,14486
3429,8444,11873
8147,8631,16778
4598,5329,9927
7718,9218,16936
1092,9500,10592
1051,1318,2369
6688,8018,14706
8210,4956,13166
7057,7875,14932
5431,2525,7956
8043,2278,10321
9705,7125,16830
8874,7900,16774
3500,4464,7964
3259,8496,11755
3659,1255,4914
2502,5656,8158
6430,9598,16028
4176,2860,7036
7158,6806,13964
5354,1722,7076
8579,1613,10192
4331,6790,11121
4116,1330,5446
3212,6493,9705
8232,6614,14846
6913,6913,13826
6611,1319,7930
9085,5200,14285
5791,1329,7120
9851,7742,17593
5916,2793,8709
7457,9125,16582
6703,7170,13873
7644,8420,16064
5155,9411,14566
3611,6691,10302
3593,1095,4688
7041,6063,13104
9437,4349,13786
8644,7560,16204
6247,6356,12603
5077,5898,10975
2417,9846,12263
1110,9281,10391
9954,8391,18345
6132,3504,9636
9289,6239,15528
1292,2734,4026
6120,7393,13513
3196,4466,7662
2906,2721,5627
2816,9444,12260
5227,6775,12002
4849,6228,11077
7849,2058,9907
3322,9378,12700
1948,9179,11127
5359,6660,12019
8254,9401,17655
3093,2563,5656
9217,1174,10391
2334,1321,3655
6698,6604,13302
7742,8436,16178
9524,6674,16198
6002,1910,7912
1949,6425,8374
3514,8701,12215
1100,5646,6746
7945,3400,11345
6801,3343,10144
1352,3955,5307
2018,2179,4197
6193,4536,10729
3502,4819,8321
7855,1979,9834
1976,3280,5256
6897,1107,8004
2626,9895,12521
7229,7877,15106
1874,6543,8417
4809,3107,7916
1559,9308,10867
5969,4046,10015
1043,1508,2551
7107,4439,11546
4928,6411,11339
1916,1798,3714
5971,2760,8731
4275,1818,6093
6040,4065,10105
4259,1906,6165
1602,5295,6897
4527,5543,10070
2811,8963,11774
6249,5615,11864
9916,7766,17682
1802,3582,5384
7445,4837,12282
9718,2665,12383
9651,7975,17626
3552,8475,12027
3808,6633,10441
7096,9823,16919
3456,6423,9879
5317,2556,7873
3205,4955,8160
7805,1404,9209
2620,3952,6572
9080,4118,13198
8380,7630,16010
1565,5799,7364
8670,3868,12538
9776,5327,15103
7413,8614,16027
2245,9243,11488
1537,1540,3077
1814,2415,4229
2652,5062,7714
3356,4810,8166
1185,2551,3736
8013,1761,9774
7163,8635,15798
4281,2536,6817
7201,4164,11365
3770,8399,12169
4845,4435,9280
5710,1561,7271
5717,8623,14340
8187,3180,11367
2960,4879,7839
6153,8035,14188
4270,5687,9957
1582,1288,2870
6664,8979,15643
4859,4060,8919
2183,5335,7518
2446,7679,10125
7213,2903,10116
8894,3377,12271
1847,8370,10217
7341,2239,9580
6600,5791,12391
3365,6055,9420
6622,1372,7994
8783,2949,11732
1244,8795,10039
6772,1124,7896
2919,1530,4449
8849,7929,16778
5349,5756,11105
2801,6156,8957
8856,6461,15317
6302,8432,14734
7189,2142,9331
8076,8614,16690
5840,2629,8469
6062,1762,7824
7905,5889,13794
5839,4957,10796
1557,5621,7178
1839,9194,11033
9348,7998,17346
1510,2137,3647
6606,5666,12272
9906,6434,16340
7446,3654,11100
1990,8820,10810
3160,6740,9900
5457,3063,8520
2977,9567,12544
9933,3667,13600
5919,9609,15528
8642,9798,18440
9759,1543,11302
1883,5798,7681
9040,6718,15758
3068,8478,11546
9120,8820,17940
2786,6715,9501
9269,2308,11577
9839,9744,19583
9473,5861,15334
3776,2596,6372
1479,4312,5791
7156,8919,16075
7744,4898,12642
3072,6624,9696
1938,9176,11114
1761,8254,10015
2669,8128,10797
4862,3685,8547
7634,2931,10565
8308,4939,13247
2126,7021,9147
7437,8039,15476
6373,2203,8576
5135,9711,14846
8904,3283,12187
5558,6347,11905
8867,6944,15811
9674,3477,13151
4093,9534,13627
8207,7227,15434
4535,8004,12539
3913,3340,7253
6289,1597,7886
9836,8145,17981
3902,7645,11547
9955,8694,18649
5830,8546,14376
8368,3160,11528
6878,8663,15541
4749,3922,8671
7486,9112,16598
9771,4804,14575
5878,3368,9246
9093,4932,14025
6608,7635,14243
7395,7101,14496
6531,5970,12501
7344,9408,16752
1375,8887,10262
2609,3939,6548
5062,2613,7675
7578,8851,16429
4679,8540,13219
8074,4996,13070
5786,6695,12481
7998,3366,11364
7764,9976,17740
2614,5555,8169
3416,8288,11704
7862,4653,12515
7639,1496,9135
1504,8699,10203
6733,9055,15788
4216,6688,10904
5364,7042,12406
2477,5960,8437
3397,9301,12698
9841,7194,17035
8570,8730,17300
2499,8235,10734
1595,1978,3573
1730,1056,2786
3243,6879,10122
2701,8229,10930
2286,9303,11589
1947,5121,7068
7553,1757,9310
6651,8273,14924
4535,3293,7828
2104,9853,11957
1908,7539,9447
5617,8069,13686
3311,1789,5100
1171,8989,10160
2885,9667,12552
2049,5129,7178
2161,1815,3976
4766,9945,14711
5661,9653,15314
4239,9272,13511
3804,9031,12835
1869,6526,8395
8741,5694,14435
9998,2934,12932
6172,1703,7875
3523,3639,7162
7159,4909,12068
2164,1619,3783
8982,4066,13048
5872,9638,15510
3337,9400,12737
6594,3460,10054
7820,6546,14366
4442,3711,8153
2291,6374,8665
3655,7513,11168
8394,1704,10098
1825,1376,3201
1972,5213,7185
1443,8519,9962
1754,5735,7489
6396,4465,10861
3711,3407,7118
9814,6588,16402
7104,6747,13851
2723,8224,10947
2919,1918,4837
5215,1581,6796
4881,4909,9790
2999,1400,4399
4648,6445,11093
3628,2656,6284
1620,1246,2866
6212,4339,10551
7758,8086,15844
4010,5719,9729
3368,2839,6207
3903,7205,11108
5395,6767,12162
4691,8470,13161
4841,5348,10189
7621,2392,10013
7060,5255,12315
5300,4338,9638
6487,4514,11001
1759,9621,11380
7793,3459,11252
6273,2718,8991
6423,2308,8731
2050,6479,8529
3249,3809,7058
3921,5676,9597
5041,3417,8458
1532,9167,10699
2469,8292,10761
9961,8142,18103
7000,8081,15081
5649,7931,13580
4424,2091,6515
8849,5654,14503
1260,6936,8196
5370,5301,10671
8207,6819,15026
1092,6161,7253
8632,7208,15840
9556,5916,15472
4718,7125,11843
2924,4095,7019
7683,6181,13864
3538,3276,6814
9194,1910,11104
1306,7575,8881
5231,7028,12259
7658,7336,14994
1872,2141,4013
1665,9400,11065
1951,5722,7673
5008,7655,12663
7190,1771,8961
5030,8859,13889
1521,4355,5876
2400,4723,7123
7579,4247,11826
2858,5781,8639
5064,3398,8462
1142,6062,7204
4469,4695,9164
1717,1642,3359
3548,9561,13109
4650,8549,13199
9978,1949,11927
6444,1521,7965
7632,7048,14680
1354,2482,3836
7994,3215,11209
5716,9619,15335
6821,3537,10358
7339,9736,17075
5919,8075,13994
4765,9850,14615
8082,3827,11909
3058,8749,11807
1730,2832,4562
9600,7505,17105
8170,5179,13349
7299,8830,16129
5802,7057,12859
7615,7762,15377
6543,9325,15868
5883,8050,13933
5959,1666,7625
1276,1881,3157
3060,3082,6142
7702,1158,8860
6229,8956,15185
8514,8803,17317
3526,9302,12828
8803,7574,16377
9733,2138,11871
8257,4283,12540
8762,8896,17658
3419,2756,6175
3306,8630,11936
7263,6008,13271
6247,9914,16161
3570,6807,10377
8812,1324,10136
8487,6645,15132
2945,5486,8431
3430,4510,7940
1845,1567,3412
3179,3019,6198
4319,3320,7639
2646,4909,7555
9015,4420,13435
1356,8485,9841
4081,3280,7361
5131,6123,11254
8422,3787,12209
5209,7540,12749
1465,2487,3952
5942,5597,11539
5536,1325,6861
5162,1303,6465
6067,6024,12091
8715,9340,18055
3631,7391,11022
9287,3369,12656
1528,5675,7203
2663,4364,7027
3341,7656,10997
5905,9884,15789
6950,2360,9310
6127,6562,12689
9730,6777,16507
4925,9463,14388
9001,2028,11029
7018,2242,9260
9784,8119,17903
5210,7406,12616
4377,5071,9448
2440,4626,7066
1184,5996,7180
9412,9031,18443
6563,4188,10751
3945,7765,11710
3474,7787,11261
9792,5599,15391
7274,5313,12587
3218,2152,5370
1056,1143,2199
8218,9559,17777
7361,1615,8976
9062,6977,16039
7984,9890,17874
5971,6781,12752
1944,8078,10022
2746,6783,9529
7907,9625,17532
3926,2089,6015
3957,3612,7569
7047,7249,14296
4759,8718,13477
5263,2902,8165
3567,9075,12642
3994,6229,10223
3010,8377,11387
1830,1048,2878
5210,2178,7388
6768,8878,15646
1070,8686,9756
8879,6455,15334
9258,6612,15870
6769,2777,9546
8380,3228,11608
9804,9888,19692
7746,7391,15137
3406,9440,12846
1637,9090,10727
1949,4587,6536
2111,9367,11478
1722,4842,6564
4674,5866,10540
1702,3128,4830
5233,3517,8750
2149,2878,5027
1309,4952,6261
8728,4049,12777
6766,7412,14178
5865,1015,6880
1605,5908,7513
9006,7412,16418
9605,5120,14725
9507,5666,15173
5820,8835,14655
2849,2953,5802
9580,3769,13349
4046,8594,12640
7840,6066,13906
3415,3389,6804
6924,9495,16419
1763,8541,10304
1815,7255,9070
1877,8173,10050
8073,5798,13871
7989,6039,14028
7324,3823,11147
6287,4285,10572
8433,7174,15607
5826,4664,10490
1497,8641,10138
5643,6056,11699
1131,6443,7574
1857,9712,11569
9221,7147,16368
5604,2558,8162
1015,4605,5620
2607,6935,9542
3016,4574,7590
8274,4791,13065
7406,2088,9494
2361,5473,7834
6294,8106,14400
8319,9667,17986
9520,2186,11706
4414,6486,10900
4536,2773,7309
6415,3558,9973
6907,6079,12986
7724,6420,14144
4291,4524,8815
4504,9998,14502
6989,3666,10655
9596,8140,17736
9785,7895,17680
5107,4280,9387
3212,9078,12290
8601,1613,10214
1868,1811,3679
5862,5177,11039
2744,3256,6000
8612,9713,18325
8196,6423,14619
6089,7608,13697
2469,3675,6144
2513,5876,8389
2451,5654,8105
4007,4124,8131
2753,2612,5365
4275,9747,14022
3049,1824,4873
4030,2081,6111
6299,1492,7791
5764,8202,13966
9266,4360,13626
9562,5682,15244
1328,9968,11296
5674,5316,10990
6803,4325,11128
9379,2214,11593
8556,9722,18278
4136,7618,11754
6265,8089,14354
8965,9708,18673
7569,2491,10060
6213,5228,11441
8508,5409,13917
1590,8379,9969
4056,3206,7262
3708,6981,10689
6722,1747,8469
9992,7553,17545
2497,2379,4876
9871,8360,18231
4770,4342,9112
2546,4126,6672
6889,7208,14097
9875,2295,12170
2385,1942,4327
4280,2033,6313
3786,3233,7019
2620,4535,7155
4205,3882,8087
1170,9140,10310
4897,5122,10019
6109,3837,9946
9599,6228,15827
5169,7721,12890
1679,8429,10108
6487,1236,7723
7804,3423,11227
2032,7339,9371
3940,6409,10349
4132,8080,12212
5942,7961,13903
8730,1633,10363
7822,5103,12925
7487,4446,11933
6738,4098,10836
9097,6476,15573
9253,6181,15434
2817,9824,12641
5887,3598,9485
3653,2454,6107
2138,6807,8945
4192,7116,11308
4759,4029,8788
6095,1063,7158
2345,1974,4319
5161,6962,12123
9649,7596,17245
4330,2740,7070
7055,7321,14376
2954,1279,4233
3391,7439,10830
1961,7827,9788
2217,9566,11783
7007,5130,12137
2392,3076,5468
9966,5316,15282
7196,5589,12785
9142,7260,16402
9471,8897,18368
5841,8161,14002
2059,2922,4981
7101,5592,12693
7349,3473,10822
9108,9096,18204
7748,5549,13297
1594,6452,8046
1506,5889,7395
8637,9212,17849
2399,4201,6600
8854,7763,16617
8962,6190,15152
6681,4678,11359
1336,2667,4003
1909,9467,11376
9204,6122,15326
9153,1973,11126
5270,2408,7678
3288,9738,13026
2218,2420,4638
4377,8501,12878
5098,3738,8836
8619,2842,11461
9938,3816,13754
1494,7560,9054
6510,4444,10954
8543,8562,17105
4994,8253,13247
1045,3057,4102
1663,5668,7331
3029,6717,9746
3696,9831,13527
3663,3745,7408
6004,7321,13325
6125,5948,12073
5402,4427,9829
6912,1394,8306
4597,1329,5926
1772,9135,10907
2645,2787,5432
1999,2848,4847
2561,1773,4334
8311,6179,14490
2803,3050,5853
1747,9125,10872
6860,4973,11833
2615,4754,7369
6506,5221,11727
6291,6854,13145
1216,2359,3575
4774,6417,11191
5927,5429,11356
5606,5478,11084
2896,8366,11262
5427,6361,11788
1641,6346,7987
5729,4627,10356
7594,9387,16981
4275,5050,9325
5553,5925,11478
3304,4343,7647
3056,3808,6864
8092,8226,16318
1886,9584,11470
8720,3446,12166
4905,7474,12379
4591,3181,7772
6011,6030,12041
1354,3631,4985
2521,3672,6193
3337,7968,11305
1628,8162,9790
3679,6266,9945
5422,8463,13885
2126,2780,4906
7571,9584,17155
1825,8276,10101
3395,5145,8540
8059,6492,14551
8111,7792,15903
4551,8711,13262
4628,2565,7193
4667,7459,12126
5096,2019,7115
8928,9254,18182
6965,3269,10234
9835,5721,15556
9408,1195,10603
4273,6110,10383
8401,4212,12613
3755,2521,6276
6674,2080,8754
6623,1721,8344
2562,1639,4201
5260,6190,11450
4736,8746,13482
1089,2251,3340
5703,1348,7051
5052,3941,8993
9437,1271,10708
3030,8836,11866
8041,6175,14216
2126,5379,7505
9708,9052,18760
1611,1749,3360
2856,9591,12447
2526,7229,9755
9511,9527,19038
3098,8865,11963
1173,1500,2673
4646,7219,11865
3363,8540,11903
2896,6759,9655
2778,4057,6835
6190,7997,14187
5747,1045,6792
8758,8053,16811
4201,1455,5656
3924,8798,12722
1965,5964,7929
2528,3976,6504
4071,5869,9940
7387,3521,10908
7525,2126,9651
7632,6773,14405
8716,4404,13120
5492,3343,8835
1106,4154,5260
5053,5801,10854
7139,6580,13719
1214,6400,7614
7875,5289,13164
5253,9656,14909
7247,7177,14424
8269,3372,11641
7834,9783,17617
7617,6150,13767
9102,5158,14260
8727,6206,14933
1303,1333,2636
5506,3331,8837
5561,1079,6640
4763,6196,10959
1732,4976,6708
6659,2384,9043
3124,7652,10776
6283,8176,14459
7605,6707,14312
3292,9376,12668
1997,5664,7661
3357,6491,9848
2679,6715,9394
5886,8440,14326
7821,4527,12348
7813,3745,11558
5090,7158,12248
9561,8471,18032
4743,8008,12751
4324,9632,13956
4257,1226,5483
3401,5718,9119
2024,6672,8696
8727,6280,15007
1870,4199,6069
2745,6270,9015
9635,6886,16521
6590,8897,15487
9664,9271,18935
6158,9431,15589
1589,2884,4473
6399,9503,15902
2076,8235,10311
7837,1033,8870
2841,5481,8322
9440,2134,11574
8261,6298,14559
8017,8771,16788
9567,9915,19482
2913,5297,8210
2942,5004,7946
2331,8890,11221
5588,1337,6925
8066,8813,16879
9983,4611,14594
4700,7118,11818
8105,3673,11778
3122,8082,11204
9250,3062,12312
2254,4688,6942
4748,7342,12090
5130,5257,10387
4029,3846,7875
9662,5035,14697
3899,5443,9342
5789,1912,7701
5242,8541,13783
2711,9866,12577
2439,6613,9052
4630,6375,11005
8103,9877,17980
5216,3466,8682
8824,5124,13948
1965,7928,9893
7096,7157,14253
9120,2508,11628
1871,1863,3734
4055,6133,10188
3682,6278,9960
6448,1613,8061
2872,8723,11595
8189,6386,14575
7942,9759,17701
1244,1020,2264
9585,6767,16352
4515,2910,7425
9481,6882,16363
9552,9076,18628
2622,5314,7936
3453,3015,6468
3800,9772,13572
7752,8453,16205
3853,3236,7089
5176,3155,8331
6698,7829,14527
9537,2886,12423
7471,9746,17217
4770,9391,14161
3940,4490,8430
8899,1306,10205
4075,2656,6731
8244,7611,15855
7322,3692,11014
2764,1275,4039
6271,8331,14602
6025,5050,11075
9080,4460,13540
4835,5278,10113
2844,1071,3915
8386,7862,16248
8340,8635,16975
2043,4042,6085
1814,6622,8436
8332,1309,9641
7661,5227,12888
2877,3486,6363
7886,5835,13721
1794,7786,9580
5014,8392,13406
6353,4407,10760
1974,5237,7211
8248,5369,13617
9050,1464,10514
6327,6415,12742
9115,1287,10402
4195,2992,7187
8450,3925,12375
2120,6310,8430
1446,7627,9073
3896,1721,5617
3163,4980,8143
5502,2725,8227
9885,4413,14298
1494,1947,3441
1022,2128,3150
1557,4730,6287
6341,7998,14339
8182,8034,16216
2656,5173,7829
6441,9998,16439
4312,9645,13957
3324,6595,9919
6984,3511,10495
1362,4454,5816
3798,5620,9418
4255,2217,6472
2485,6349,8834
8195,8750,16945
7079,9035,16114
2507,2003,4510
7403,1925,9328
9275,7583,16858
4927,1985,6912
5231,6302,11533
6291,1908,8199
6051,3586,9637
2331,7851,10182
2806,1805,4611
5147,1071,6218
1027,9660,10687
4983,9955,14938
8055,7690,15745
4832,1559,6391
8957,4831,13788
8344,6171,14515
1078,5929,7007
4647,2031,6678
8381,3072,11453
7911,7088,14999
2484,6838,9322
2550,6497,9047
5682,2829,8511
4751,7081,11832
7601,5459,13060
4856,7182,12038
7083,8970,16053
3094,7238,10332
4032,2548,6580
9559,1064,10623
4299,5849,10148
6639,3035,9674
6674,3228,9902
6620,1596,8216
4606,4889,9495
4506,2395,6901
8529,9303,17832
1452,8336,9788
3631,3186,6817
6967,7374,14341
6358,5348,11706
2459,2942,5401
6422,6196,12618
1061,2494,3555
2180,7268,9448
3788,5636,9424
5721,6710,12431
8702,1105,9807
5087,4925,10012
2908,3049,5957
9172,4904,14076
4796,1292,6088
7266,7370,14636
5860,4729,10589
8962,6510,15472
9619,7761,17380
7110,7955,15065
1106,5754,6860
6278,7408,13686
8635,2225,10860
5250,1895,7145
2620,6088,8708
6419,2385,8804
3433,2301,5734
7858,9950,17808
9938,9784,19722
6644,6088,12732
6440,8493,14933
7291,4307,11598
9894,5708,15602
1104,4833,5937
1395,4517,5912
4291,3010,7301
5537,5968,11505
5762,2051,7813
3841,7618,11459
5723,8472,14195
8913,6524,15437
4584,9539,14123
2263,5665,7928
9014,2351,11365
7980,8190,16170
4827,9861,14688
3646,1266,4912
8434,2022,10456
8947,3037,11984
9756,8778,18534
2059,2424,4483
5123,1219,6342
1405,3318,4723
9983,6058,16041
2309,8621,10930
5929,9702,15631
9683,2617,12300
2520,8892,11412
2583,7704,10287
8988,7583,16571
2575,7935,10510
7176,3613,10789
4892,9653,14545
7733,5431,13164
9112,2381,11493
4515,5454,9969
8769,7489,16258
9384,4534,13918
1755,3525,5280
1827,5748,7575
3333,5946,9279
9302,9046,18348
9984,8181,18165
4414,7457,11871
7749,1296,9045
1568,6283,7851
8664,8511,17175
6465,9263,15728
5382,1065,6447
1879,9259,11138
8222,6069,14291
4239,1507,5746
8704,2125,10829
1885,3841,5726
8975,7565,16540
7083,5870,12953
3525,5215,8740
2938,4232,7170
4744,7221,11965
4465,1440,5905
1461,9803,11264
6413,6755,13168
6012,4163,10175
7752,1005,8757
5776,8038,13814
7414,6739,14153
4970,3606,8576
1098,1525,2623
7337,2180,9517
9067,5491,14558
6922,4071,10993
6641,8381,15022
3792,5778,9570
1014,3415,4429
3685,9159,12844
8926,5100,14026
7374,7004,14378
6521,8155,14676
4297,3633,7930
4890,1791,6681
1151,4063,5214
7367,8904,16271
3091,5599,8690
8408,3977,12385
1842,4793,6635
2659,9789,12448
6162,7446,13608
5270,4603,9873
7764,2216,9980
3291,4811,8102
5993,6142,12135
7862,7533,15395
8526,3978,12504
6347,8933,15280
5595,7211,12806
3170,9527,12697
4021,9970,13991
8836,2185,11021
4285,4447,8732
4991,5899,10890
2935,9825,12760
2285,9545,11830
8479,6255,14734
2885,6062,8947
8066,4022,12088
6265,2547,8812
5204,8590,13794
2368,2757,5125
5917,4484,10401
4052,9382,13434
1932,5237,7169
8240,4238,12478
1565,6378,7943
6558,1743,8301
9864,9722,19586
6409,9753,16162
6629,7318,13947
1301,4767,6068
5280,8506,13786
9701,7962,17663
6429,8248,14677
4445,3203,7648
3834,9986,13820
3479,5856,9335
1434,2706,4140
9260,6725,15985
2904,8018,10922
4959,7825,12784
7347,7156,14503
3713,7194,10907
7512,7867,15379
4727,4546,9273
3303,4681,7984
8852,4221,13073
5374,2082,7456
9637,2592,12229
6608,6526,13134
6179,7472,13651
3775,2590,6365
7004,8230,15234
3231,6118,9349
7454,8960,16414
2561,4646,7207
8596,8240,16836
5942,4238,10180
2600,6700,9300
7071,1709,8780
3971,1793,5764
4099,7030,11129
6765,1026,7791
7693,6322,14015
9276,6951,16227
4101,7609,11710
6309,1011,7320
8770,6413,15183
6774,1179,7953
1796,8279,10075
8188,8312,16500
3024,8666,11690
4217,7584,11801
6285,8370,14655
2519,7611,10130
7856,3432,11288
7457,5866,13323
6054,3070,9124
2781,9530,12311
2516,6491,9007
6949,4290,11239
5570,2379,7949
8670,1800,10470
6267,4495,10762
4257,7558,11815
1981,3088,5069
3952,3126,7078
5812,9063,14875
4861,6903,11764
3591,4322,7913
7437,9801,17238
3861,2655,6516
2755,9237,11992
7227,5638,12865
3567,4123,7690
6164,8081,14245
5907,5962,11869
8150,2766,10916
4549,3309,7858
2976,8180,11156
3490,9917,13407
5381,6987,12368
8425,4619,13044
7060,9689,16749
4976,1704,6680
6452,7094,13546
4681,5138,9819
2916,8501,11417
2845,5654,8499
7413,9111,16524
8990,4090,13080
2370,2928,5298
2636,7180,9816
9283,2843,12126
9376,1831,11207
6538,6315,12853
9455,6327,15782
2286,2529,4815
7655,2877,10532
6431,3478,9909
1100,4087,5187
6828,8425,15253
3291,6467,9758
9296,1693,10989
6786,6406,13192
4491,4392,8883
3268,6632,9900
4783,6973,11756
6969,9981,16950
5648,5939,11587
9850,9024,18874
8857,2018,10875
2953,4657,7610
5846,3296,9142
1774,3811,5585
4182,8867,13049
5329,7167,12496
4097,2404,6501
6101,2369,8470
6497,7665,14162
3064,3765,6829
3817,8791,12608
1716,5040,6756
2711,6367,9078
7261,1008,8269
9789,5118,14907
7086,7383,14469
4667,3246,7913
4626,3822,8448
9283,1850,11133
2107,1299,3406
9102,6400,15502
2082,9167,11249
3800,4951,8751
9967,7768,17735
2452,2681,5133
3303,8157,11460
2851,2897,5748
6825,9806,16631
1244,9948,11192
4807,3779,8586
2846,8021,10867
1473,5131,6604
2792,2734,5526
8215,8229,16444
6188,6281,12469
6858,1944,8802
2511,5081,7592
7118,1858,8976
4560,9421,13981
9369,3615,12984
2613,3840,6453
2774,4871,7645
9273,1845,11118
4260,4145,8405
8802,3263,12065
9636,9155,18791
1922,7695,9617
5288,6758,12046
9131,3630,12761
8816,8556,17372
6930,8000,14930
4512,7066,11578
4722,6648,11370
3060,4034,7094
3387,8008,11395
9031,2799,11830
5407,3780,9187
2127,9530,11657
8365,8611,16976
8535,3808,12343
5297,5559,10856
1448,6008,7456
5893,1793,7686
1436,7012,8448
6869,2620,9489
5308,1948,7256
4944,1191,6135
2403,2990,5393
2104,1548,3652
6761,9762,16523
8903,2784,11687
1804,9990,11794
9802,8517,18319
7831,7917,15748
5238,4260,9498
5367,6651,12018
4371,3093,7464
5001,7556,12557
8810,5554,14364
3517,9697,13214
6805,2096,8901
8061,3204,11265
4902,2352,7254
2596,9767,12363
7980,1679,9659
4712,9509,14221
6301,6734,13035
8981,6892,15873
4696,8129,12825
3996,8237,12233
8327,8407,16734
3542,1678,5220
6366,6643,13009
8410,6541,14951
1834,7026,8860
9472,8970,18442
7818,6028,13846
5703,2772,8475
3164,8111,11275
9383,3835,13218
3665,7113,10778
3563,9498,13061
9131,9723,18854
3696,5687,9383
8321,8013,16334
8704,6571,15275
8336,1058,9394
2140,3562,5702
3852,7641,11493
1941,7541,9482
8430,2421,10851
6765,1435,8200
1839,5001,6840
6248,5959,12207
2650,6828,9478
3261,6894,10155
7278,4889,12167
7897,2326,10223
6901,4358,11259
2585,6645,9230
1388,3791,5179
4332,1703,6035
6834,3820,10654
9053,5959,15012
2059,2301,4360
9865,8696,18561
5299,7071,12370
5112,8881,13993
9401,1498,10899
9620,8245,17865
3105,6327,9432
6630,4206,10836
8137,3569,11706
3628,7764,11392
2067,2506,4573
4013,7642,11655
5066,1947,7013
5389,9143,14532
2171,7114,9285
1171,6682,7853
6856,7209,14065
4577,9380,13957
5076,1157,6233
8777,3717,12494
9437,3795,13232
8200,8528,16728
3377,2810,6187
6190,6432,12622
8895,3126,12021
7953,4030,11983
7323,6747,14070
6605,6891,13496
4076,3344,7420
1619,3407,5026
7260,4004,11264
4914,4596,9510
5039,2304,7343
6630,8282,14912
4307,2361,6668
7665,5294,12959
2787,2073,4860
6902,4599,11501
4055,7476,11531
1659,7320,8979
7513,5642,13155
7373,5466,12839
6587,3471,10058
7175,9284,16459
2281,4177,6458
6667,5511,12178
4881,3413,8294
2544,5784,8328
6761,8874,15635
7961,6626,14587
5514,2145,7659
6450,2566,9016
4005,5507,9512
5248,9283,14531
4992,9522,14514
9027,6760,15787
9045,3977,13022
6347,5289,11636
1529,3892,5421
8443,5734,14177
3525,4761,8286
7141,3742,10883
5635,5425,11060
9661,4830,14491
7992,1533,9525
5562,8120,13682
7563,8289,15852
5087,9953,15040
3355,2955,6310
3971,6539,10510
8493,2672,11165
3836,5927,9763
5939,4644,10583
3297,5061,8358
4166,1183,5349
3846,5722,9568
1782,2507,4289
6855,8538,15393
1676,8250,9926
8813,5090,13903
6723,3686,10409
9382,9526,18908
8689,2110,10799
1578,1061,2639
1386,3200,4586
2683,7321,10004
9056,9678,18734
8414,7643,16057
9732,6631,16363
8945,8726,17671
6169,7787,13956
5467,6232,11699
9130,7196,16326
4907,5288,10195
7734,2080,9814
7240,1197,8437
8814,8851,17665
2600,8462,11062
7866,4692,12558
9875,4083,13958
4989,1332,6321
7106,8333,15439
7655,6308,13963
5200,3721,8921
9998,2064,12062
7820,9512,17332
4957,3382,8339
4231,8008,12239
2500,2568,5068
6892,4281,11173
5089,2865,7954
6600,7055,13655
1004,8959,9963
2168,3398,5566
3630,7608,11238
1347,6861,8208
4342,7500,11842
3574,4825,8399
5593,6272,11865
9244,1148,10392
9694,1869,11563
4521,4871,9392
2300,8595,10895
5833,7670,13503
3451,5385,8836
9530,3824,13354
7854,6964,14818
1986,9171,11157
4490,9076,13566
4767,3006,7773
8925,4107,13032
5468,4330,9798
9722,1923,11645
7247,9432,16679
2896,8883,11779
4324,1813,6137
5750,8618,14368
1782,5055,6837
8789,9199,17988
4139,6007,10146
5051,8575,13626
9709,4190,13899
6637,1578,8215
9138,5482,14620
2865,6489,9354
2376,6408,8784
9163,6058,15221
7283,2976,10259
7443,5759,13202
8595,5920,14515
2887,1991,4878
6228,9046,15274
7450,4604,12054
2083,9626,11709
1020,2099,3119
7841,3637,11478
9581,8744,18325
4413,8457,12870
2354,7402,9756
5521,6125,11646
1005,9382,10387
9339,5353,14692
4550,9031,13581
5105,6083,11188
9816,3175,12991
9737,6224,15961
2195,3069,5264
4358,3438,7796
9808,5244,15052
4343,2811,7154
1171,5142,6313
1625,6906,8531
8983,5063,14046
9644,9142,18786
1753,7851,9604
6104,8343,14447
7926,7827,15753
9359,4685,14044
9277,2982,12259
5944,8892,14836
9191,9633,18824
9462,1343,10805
4081,7637,11718
3291,2532,5823
5362,2653,8015
5988,7344,13332
9430,2438,11868
4016,9166,13182
7389,6977,14366
4079,7295,11374
3258,9558,12816
3991,4741,8732
1085,3493,4578
7447,9323,16770
8588,1903,10491
6083,7190,13273
3804,2226,6030
2284,1689,3973
6143,5782,11925
5881,5507,11388
2996,5381,8377
8680,1429,10109
6700,4781,11481
9794,9631,19425
6468,5507,11975
1527,3996,5523
4467,2361,6828
7817,1703,9520
1662,9556,11218
7256,9367,16623
6297,9573,15870
6378,1305,7683
6497,5697,12194
3390,8222,11612
8933,2465,11398
8852,1402,10254
7940,3670,11610
9095,9368,18463
5544,9934,15478
6660,7074,13734
3348,7850,11198
5402,1750,7152
5062,8434,13496
9405,2617,12022
3530,4333,7863
8234,6768,15002
8707,1511,10218
6082,7860,13942
1252,5133,6385
9820,4476,14296
2725,3093,5818
2701,9496,12197
6834,5340,12174
3807,7301,11108
8572,2024,10596
3975,9698,13673
5856,7724,13580
3567,5587,9154
5922,6046,11968
3894,8203,12097
8478,6274,14752
4613,1038,5651
4084,7265,11349
7598,3415,11013
1758,5342,7100
8066,4116,12182
1764,5029,6793
7445,8443,15888
2317,1700,4017
8527,5383,13910
2593,5145,7738
7707,7997,15704
8026,3612,11638
8399,2908,11307
7954,2790,10744
9168,3928,13096
8681,6251,14932
5127,5963,11090
6311,9792,16103
3025,8815,11840
1987,6310,8297
2965,8316,11281
1868,3063,4931
2129,5378,7507
6154,7256,13410
7451,2934,10385
2076,6200,8276
2639,7385,10024
9222,8996,18218
1703,6480,8183
9424,8777,18201
6362,1950,8312
9250,3818,13068
4600,9493,14093
8845,3944,12789
7255,8580,15835
9508,6264,15772
8518,9122,17640
2178,4855,7033
9523,7037,16560
1527,3059,4586
1211,2714,3925
3688,4266,7954
6149,2332,8481
7820,6891,14711
5686,5091,10777
1443,1926,3369
7246,1622,8868
4037,1233,5270
3691,8402,12093
1386,2634,4020
9110,5133,14243
6581,2967,9548
6568,8284,14852
9432,6145,15577
6767,9753,16520
2999,5901,8900
3779,7192,10971
2677,5177,7854
8211,8873,17084
4841,8098,12939
7416,5885,13301
1594,3612,5206
7359,2496,9855
4555,5861,10416
5766,4358,10124
1914,2844,4758
2995,8625,11620
1094,9684,10778
4069,1149,5218
2046,3803,5849
6334,9590,15924
5476,8276,13752
1551,9486,11037
2143,1455,3598
9360,2946,12306
7115,8310,15425
7180,6817,13997
6380,7374,13754
9445,9070,18515
2320,8123,10443
7153,7589,14742
4607,1400,6007
7042,1362,8404
4851,4412,9263
1084,2824,3908
9499,9822,19321
5775,8868,14643
8619,8418,17037
3371,8068,11439
4300,6821,11121
8803,8464,17267
1726,8121,9847
5312,9000,14312
5543,9014,14557
1318,4475,5793
6153,5134,11287
2602,3256,5858
8319,8532,16851
8366,3648,12014
7903,2858,10761
2102,3481,5583
2820,4158,6978
4684,8411,13095
4651,8707,13358
9461,9107,18568
7881,7220,15101
5830,5979,11809
8334,4775,13109
1648,1016,2664
9308,7476,16784
6942,2545,9487
3693,8599,12292
5089,7259,12348
6058,4240,10298
5942,4788,10730
7953,1371,9324
8020,8120,16140
6702,9347,16049
3661,8180,11841
7651,9656,17307
5878,5315,11193
7158,9308,16466
7474,2374,9848
8393,5403,13796
4546,4977,9523
4411,9988,14399
4892,8324,13216
9342,4249,13591
1111,1682,2793
2161,8400,10561
3379,6426,9805
9352,2425,11777
4661,9469,14130
8040,5592,13632
8530,4107,12637
1302,5533,6835
3773,8199,11972
5281,5768,11049
2000,2718,4718
8169,8361,16530
4830,8154,12984
6020,3882,9902
1998,1284,3282
9612,3160,12772
4065,2494,6559
5623,3543,9166
5800,9913,15713
2401,1445,3846
5522,4767,10289
3551,6646,10197
4888,5816,10704
3731,8699,12430
3629,8687,12316
2057,7834,9891
9949,2795,12744
5849,9215,15064
5150,7947,13097
7470,8179,15649
4712,6458,11170
6315,6381,12696
4174,7387,11561
9973,7767,17740
1566,5622,7188
5132,9830,14962
7995,5167,13162
3670,9296,12966
2682,9490,12172
1770,4854,6624
4118,3132,7250
8225,1990,10215
1710,5304,7014
6367,1038,7405
2275,8069,10344
5857,2436,8293
3099,9565,12664
8693,5251,13944
5025,7212,12237
4234,8662,12896
8550,4123,12673
1653,5158,6811
9700,6543,16243
3197,4911,8108
6235,5799,12034
9707,6360,16067
9221,1325,10546
4766,5111,9877
9302,8015,17317
7856,1106,8962
3426,5378,8804
5364,3531,8895
7810,6316,14126
6362,5693,12055
9990,6268,16258
3011,1425,4436
4044,7229,11273
2239,7566,9805
4391,5213,9604
4997,4006,9003
8025,4039,12064
7558,9790,17348
2184,3584,5768
9102,8116,17218
5383,4936,10319
2699,5507,8206
1135,3025,4160
4535,5854,10389
6367,3890,10257
3757,4773,8530
9572,7652,17224
2528,5571,8099
6049,1848,7897
5127,8351,13478
6866,6869,13735
3121,5681,8802
1472,2787,4259
1113,7473,8586
9530,3285,12815
2196,1078,3274
5559,7017,12576
3652,5318,8970
6385,8054,14439
1827,5923,7750
4385,7056,11441
2965,3427,6392
3841,9805,13646
9754,7563,17317
6840,8810,15650
7064,8144,15208
5352,1184,6536
6809,5065,11874
8181,9437,17618
8504,8426,16930
3087,1600,4687
8804,6537,15341
4033,3056,7089
9724,6084,15808
3042,8960,12002
1357,1377,2734
5488,5797,11285
4307,3596,7903
1783,6924,8707
3379,8831,12210
6267,8638,14905
3538,1861,5399
2876,4526,7402
2622,6518,9140
3657,2932,6589
9699,4478,14177
3656,1289,4945
8011,6858,14869
8323,3829,12152
6962,5812,12774
8264,9758,18022
2473,2987,5460
8673,4260,12933
8490,7739,16229
4251,6905,11156
6300,6054,12354
2716,2310,5026
1617,5257,6874
7099,1468,8567
6905,2139,9044
9728,1951,11679
9012,4006,13018
7075,8890,15965
6952,8077,15029
2971,2191,5162
4920,8765,13685
7193,4046,11239
1304,7339,8643
9043,5908,14951
3804,4936,8740
1712,7848,9560
9366,4205,13571
6185,7506,13691
2772,2074,4846
6447,9783,16230
6264,8322,14586
7651,3410,11061
7441,9685,17126
9737,4956,14693
7553,7869,15422
8531,4094,12625
3365,7668,11033
6000,8920,14920
4347,4675,9022
1952,4300,6252
4179,4247,8426
5415,4357,9772
7472,6996,14468
5848,6475,12323
2037,9262,11299
8008,6931,14939
6642,1105,7747
1769,3940,5709
8899,7614,16513
6805,5355,12160
1933,9766,11699
6660,6906,13566
7050,9261,16311
5474,1254,6728
8087,5787,13874
8862,7356,16218
4742,3035,7777
2967,9291,12258
2852,4183,7035
7618,9303,16921
1182,7740,8922
1164,7958,9122
3137,1454,4591
3285,8846,12131
5822,1541,7363
7033,3665,10698
8149,6798,14947
6785,5614,12399
5292,7189,12481
7673,2688,10361
6095,8583,14678
8824,2637,11461
6966,5670,12636
6203,6134,12337
2890,4205,7095
9669,3366,13035
8559,3526,12085
8807,1366,10173
7521,7606,15127
1012,9727,10739
4239,3317,7556
5042,8485,13527
1375,1256,2631
1449,4212,5661
7175,6943,14118
9026,8446,17472
2308,9339,11647
5016,4940,9956
7713,5071,12784
9107,6912,16019
1442,3944,5386
4936,1398,6334
3995,7329,11324
3216,2707,5923
6766,6677,13443
3568,8638,12206
1160,9067,10227
4904,4573,9477
2825,6582,9407
2176,5918,8094
5880,4220,10100
8820,1130,9950
7659,4562,12221
2499,8430,10929
8705,8626,17331
7679,3788,11467
5876,4708,10584
2769,7731,10500
4044,1375,5419
7347,4036,11383
9852,7218,17070
1740,9495,11235
2085,2210,4295
9420,4119,13539
1267,3774,5041
5349,5965,11314
9125,4459,13584
1989,1937,3926
7654,7989,15643
9631,8342,17973
7023,3358,10381
4345,7360,11705
5816,4743,10559
8159,1518,9677
1268,6444,7712
6475,5185,11660
6161,4865,11026
9011,3335,12346
4674,5576,10250
1500,9083,10583
9294,6543,15837
3746,4276,8022
4085,6735,10820
8796,7613,16409
2327,8772,11099
4746,6684,11430
3562,5163,8725
4317,3436,7753
6769,9499,16268
6918,2089,9007
5555,3394,8949
7468,5004,12472
1666,6718,8384
6152,3234,9386
7335,2236,9571
2623,2374,4997
8275,7359,15634
1176,7704,8880
3928,9817,13745
8617,8614,17231
4715,5274,9989
9586,5971,15557
9389,1968,11357
4155,5764,9919
3504,8643,12147
7006,8962,15968
8943,2269,11212
2364,7716,10080
1923,1470,3393
7597,3954,11551
2148,4086,6234
1629,8407,10036
1774,9551,11325
9709,2343,12052
8398,8197,16595
6016,8797,14813
3899,1934,5833
2986,5996,8982
7542,6465,14007
7311,9568,16879
2505,6363,8868
2010,4477,6487
8741,4857,13598
4839,5268,10107
3553,5389,8942
1551,6566,8117
6758,4051,10809
6322,3555,9877
2089,1458,3547
5721,7304,13025
2920,8694,11614
6668,7298,13966
7629,6146,13775
2003,4083,6086
3589,5310,8899
3241,6766,10007
8711,5980,14691
1938,5301,7239
4970,4999,9969
5650,7627,13277
4408,9962,14370
1248,9564,10812
6950,3926,10876
8975,4857,13832
5930,8014,13944
9893,7966,17859
7587,7496,15083
6091,9985,16076
1677,6909,8586
2561,5053,7614
9644,4656,14300
6234,5146,11380
6488,9081,15569
1209,5983,7192
8141,5945,14086
8980,4966,13946
9818,3824,13642
2250,5758,8008
5363,3163,8526
2853,1753,4606
6448,2868,9316
1181,2513,3694
4344,6238,10582
8089,7401,15490
3556,7098,10654
6280,5244,11524
3164,7601,10765
3021,3821,6842
6938,7132,14070
6969,7168,14137
1713,8203,9916
4545,9414,13959
1863,5625,7488
6307,2425,8732
3304,1653,4957
9129,7734,16863
1443,8459,9902
5669,6106,11775
5436,3857,9293
4039,9291,13330
3737,7956,11693
6239,2607,8846
3953,6933,10886
5682,7333,13015
8392,7609,16001
5925,8250,14175
6783,7723,14506
1184,1521,2705
2248,2002,4250
7266,7444,14710
8017,9585,17602
2617,1660,4277
6524,8616,15140
6250,8512,14762
7905,1319,9224
9775,4600,14375
6960,6279,13239
9773,2767,12540
2798,9949,12747
1282,7337,8619
6166,8121,14287
8409,6489,14898
5896,1130,7026
2293,7059,9352
7957,1060,9017
3211,7276,10487
6363,9152,15515
8973,1037,10010
6990,6438,13428
8677,1473,10150
1058,3636,4694
3614,8296,11910
5999,9276,15275
4797,3674,8471
7436,4120,11556
3076,4190,7266
5787,7056,12843
8494,4577,13071
5741,7832,13573
3581,4787,8368
9707,8103,17810
1932,2663,4595
9748,8914,18662
5852,2104,7956
2270,4646,6916
6087,5723,11810
3054,7658,10712
2842,3802,6644
8735,9201,17936
9313,7105,16418
3560,4037,7597
9632,3749,13381
1590,2368,3958
2361,9128,11489
4773,3064,7837
3415,3951,7366
6616,8975,15591
8101,6003,14104
9306,7243,16549
7581,9330,16911
5923,7467,13390
5941,7437,13378
7076,6648,13724
9001,2315,11316
1073,9675,10748
2549,2359,4908
2896,7659,10555
6246,7967,14213
7661,1510,9171
9614,3432,13046
2906,1064,3970
5928,5710,11638
7124,8837,15961
1800,7063,8863
9469,7109,16578
7659,2238,9897
7582,5523,13105
6620,2486,9106
5681,5470,11151
6619,9284,15903
8177,6441,14618
2840,6397,9237
2621,2561,5182
6849,2416,9265
5190,6054,11244
2130,4597,6727
3118,1663,4781
3634,3774,7408
7194,4969,12163
4490,2523,7013
9053,1987,11040
8915,7403,16318
6321,4845,11166
7301,1098,8399
3288,5297,8585
9825,8796,18621
8263,9770,18033
4959,8385,13344
9464,6338,15802
5881,4954,10835
4927,9644,14571
5911,1413,7324
2550,5526,8076
8141,7571,15712
2946,6203,9149
1191,1040,2231
6892,4449,11341
9327,6909,16236
2941,5221,8162
8524,7543,16067
7222,9580,16802
2558,3121,5679
2028,9273,11301
6656,9967,16623
4038,2878,6916
3271,2607,5878
4139,1605,5744
5735,4665,10400
6852,6462,13314
3144,5270,8414
9107,2376,11483
4462,1347,5809
1000,1062,2062
2783,9417,12200
7566,2042,9608
2234,2984,5218
2594,7257,9851
2952,2695,5647
1954,4291,6245
9548,1968,11516
1241,5234,6475
9338,8349,17687
6161,9734,15895
9883,2025,11908
4359,6257,10616
6736,8679,15415
3951,9921,13872
8389,3555,11944
2150,2735,4885
8931,2038,10969
7369,8127,15496
3912,5840,9752
2242,9964,12206
9098,4412,13510
3499,8160,11659
7110,4545,11655
2213,1418,3631
5960,1788,7748
2871,3025,5896
7264,3446,10710
8429,5823,14252
9752,3651,13403
1539,7499,9038
5755,6959,12714
4289,6546,10835
3758,6311,10069
5107,2895,8002
3500,3829,7329
1047,3364,4411
6666,7458,14124
9945,9177,19122
8630,8931,17561
8058,3802,11860
9594,3086,12680
7724,7155,14879
2149,1062,3211
4153,6938,11091
1751,8776,10527
9849,1700,11549
2540,4032,6572
7167,7364,14531
2983,9506,12489
6796,8648,15444
8894,3314,12208
8959,2649,11608
8700,7900,16600
4800,3478,8278
8054,7059,15113
9433,7209,16642
8115,3256,11371
4368,8387,12755
9558,3827,13385
3487,4603,8090
4521,5517,10038
2643,2212,4855
8345,5703,14048
6434,1019,7453
1675,5477,7152
1608,7286,8894
1061,2154,3215
4716,6242,10958
6559,6022,12581
7485,2442,9927
2653,3502,6155
4269,1281,5550
4403,2235,6638
5760,7940,13700
1785,4194,5979
5789,4775,10564
6350,1533,7883
9593,4663,14256
1129,3959,5088
2858,4649,7507
4097,4512,8609
5860,9833,15693
1723,1737,3460
2299,4480,6779
1339,1152,2491
6684,4051,10735
1426,8146,9572
9125,7347,16472
3372,9126,12498
1949,8695,10644
2373,8082,10455
3482,8593,12075
1370,8837,10207
3296,8034,11330
7324,8142,15466
8028,7479,15507
5145,5021,10166
3364,6230,9594
6970,9954,16924
8300,7755,16055
2004,8057,10061
4755,3846,8601
7262,9541,16803
3964,9878,13842
5637,3755,9392
4624,3732,8356
7473,7351,14824
2693,1684,4377
3919,8166,12085
4756,6454,11210
4283,5691,9974
7828,8350,16178
2156,4061,6217
8157,6919,15076
6893,5445,12338
7436,2292,9728
8902,3067,11969
2979,2736,5715
2918,1700,4618
5046,3073,8119
5661,1394,7055
4048,4452,8500
1522,9741,11263
2468,7230,9698
9116,7811,16927
2421,8987,11408
1285,3745,5030
8108,5464,13572
2445,6837,9282
2466,8167,10633
9479,5426,14905
6932,2178,9110
3551,5370,8921
7322,5862,13184
6855,2203,9058
8349,7386,15735
2119,9388,11507
4975,9717,14692
2292,4655,6947
5786,3217,9003
7590,2017,9607
6176,4590,10766
9239,7176,16415
7647,5722,13369
7015,6122,13137
8683,3089,11772
3056,4680,7736
5885,4114,9999
8383,2629,11012
2543,8512,11055
6769,2904,9673
2436,6031,8467
4317,5116,9433
5552,6563,12115
7123,4061,11184
9089,9456,18545
4731,7327,12058
4317,3046,7363
4144,4221,8365
6064,1722,7786
8775,8564,17339
9275,5835,15110
4819,4364,9183
7089,5318,12407
7936,3780,11716
8398,3452,11850
6288,9520,15808
1425,9961,11386
4975,9799,14774
7669,3124,10793
2300,6015,8315
9657,2964,12621
6567,6279,12846
3360,3039,6399
2184,4934,7118
6794,9172,15966
1777,4379,6156
3418,5077,8495
3439,8804,12243
6269,6587,12856
2989,8868,11857
1944,9220,11164
2897,6751,9648
6150,2697,8847
6885,2665,9550
9951,2785,12736
6948,3607,10555
9590,3630,13220
8660,1238,9898
4536,4861,9397
9491,8899,18390
8145,6861,15006
1248,5323,6571
8101,3860,11961
1723,1569,3292
9411,3834,13245
8928,7671,16599
3122,5000,8122
4089,8165,12254
8210,1049,9259
1514,5671,7185
8749,2165,10914
1414,2104,3518
5858,4356,10214
3416,6611,10027
6465,9395,15860
8192,6672,14864
9260,9707,18967
4563,7383,11946
9898,7833,17731
5752,9123,14875
4785,9535,14320
9727,9546,19273
6023,1982,8005
2345,6691,9036
7002,1526,8528
7647,8252,15899
1930,3282,5212
2946,4360,7306
9112,3925,13037
4625,6469,11094
2223,8110,10333
5992,9814,15806
5787,7818,13605
5726,3372,9098
4299,7451,11750
9583,4809,14392
3407,5864,9271
6027,5260,11287
5828,9772,15600
9315,2874,12189
9715,4123,13838
5224,6254,11478
4198,8082,12280
2210,6404,8614
5117,6429,11546
9689,5758,15447
9182,9916,19098
1375,8413,9788
5398,4859,10257
2686,6012,8698
1256,4600,5856
1050,7590,8640
8437,1594,10031
5731,4873,10604
6748,6237,12985
2476,5870,8346
9032,4020,13052
7066,9053,16119
9066,9167,18233
5780,5045,10825
3233,9117,12350
7359,5197,12556
1615,2566,4181
3339,9109,12448
8374,7707,16081
1378,4465,5843
7005,3271,10276
2007,7800,9807
1109,3771,4880
4883,3600,8483
6518,4243,10761
2005,1305,3310
6701,1958,8659
6270,8595,14865
4538,8020,12558
2630,3603,6233
9258,1205,10463
6691,7141,13832
4145,4120,8265
7728,9899,17627
7030,1178,8208
6167,1112,7279
9948,9350,19298
9977,2803,12780
3298,2542,5840
8259,3154,11413
9766,2381,12147
6902,2222,9124
2501,4574,7075
4729,8740,13469
4191,8476,12667
2561,3522,6083
3391,3675,7066
3183,9468,12651
9066,3078,12144
5342,2120,7462
6419,4370,10789
2908,4520,7428
5307,5496,10803
5750,1497,7247
7991,4587,12578
3413,4800,8213
9654,7171,16825
4457,9464,13921
7969,2150,10119
8454,6207,14661
1018,4178,5196
6577,5081,11658
7454,9603,17057
9933,3671,13604
7387,7833,15220
3624,6499,10123
1514,1206,2720
1947,2828,4775
7861,7094,14955
7345,3167,10512
8979,6926,15905
7532,6656,14188
6943,9793,16736
6439,9903,16342
2203,8000,10203
7639,8689,16328
8513,7626,16139
8386,4131,12517
8134,4730,12864
3666,1549,5215
5741,2244,7985
5012,7196,12208
5545,7205,12750
8190,9235,17425
1658,7995,9653
6776,6293,13069
2691,8735,11426
4130,8044,12174
5533,6547,12080
1967,2404,4371
9677,4630,14307
3968,8269,12237
2579,6992,9571
1050,7452,8502
6153,7023,13176
5300,3787,9087
3155,8019,11174
6360,5230,11590
8607,9598,18205
5197,6412,11609
5499,5909,11408
8169,4262,12431
3989,8654,12643
3224,6376,9600
3920,8701,12621
7541,6615,14156
5315,7100,12415
3783,3808,7591
4331,3178,7509
1797,3846,5643
1929,5818,7747
4091,3262,7353
8549,4480,13029
4342,7053,11395
8574,8859,17433
5174,8147,13321
5770,6833,12603
9205,8002,17207
3293,3045,6338
2037,7242,9279
9448,7162,16610
5073,2283,7356
7732,6945,14677
4487,3184,7671
9550,4187,13737
6495,3297,9792
8097,9469,17566
4544,7831,12375
1391,1968,3359
6151,5364,11515
4307,7125,11432
5370,5838,11208
9277,4134,13411
2054,4729,6783
3669,1275,4944
6717,9022,15739
9000,1128,10128
8077,5326,13403
4568,8622,13190
9080,3402,12482
2647,4556,7203
3193,4104,7297
5355,3134,8489
4903,4613,9516
9583,3279,12862
2152,2294,4446
9657,6289,15946
4245,7068,11313
7716,7654,15370
9679,3938,13617
3626,1949,5575
5075,2658,7733
7932,9053,16985
7959,2817,10776
9382,1460,10842
8971,7015,15986
7376,3521,10897
4476,3705,8181
5366,1027,6393
5231,7548,12779
4024,2264,6288
7587,7577,15164
2251,4870,7121
2326,7177,9503
1361,2218,3579
1605,6959,8564
2670,5443,8113
2277,1398,3675
3172,3810,6982
7274,6681,13955
3939,1944,5883
6965,7348,14313
8770,8099,16869
2196,2212,4408
1823,8084,9907
1535,4010,5545
8537,1949,10486
1543,4900,6443
5224,3866,9090
3246,2836,6082
9268,9560,18828
7976,1348,9324
5601,5333,10934
6399,6696,13095
2455,3185,5640
8436,4811,13247
8309,9086,17395
4682,2846,7528
2854,3985,6839
3894,8496,12390
1558,3896,5454
2254,2681,4935
6271,7283,13554
9854,4325,14179
2241,4143,6384
4037,9353,13390
2781,5675,8456
2477,8148,10625
8551,1106,9657
3668,5935,9603
8270,2164,10434
2157,3246,5403
7653,9858,17511
8649,1511,10160
9441,1888,11329
8983,9791,18774
4022,3530,7552
7315,3064,10379
6413,7537,13950
4569,2242,6811
5329,2925,8254
4395,1440,5835
6231,9181,15412
3743,9039,12782
9198,2586,11784
1825,4824,6649
2268,8615,10883
4436,9089,13525
2310,1477,3787
9906,3162,13068
1508,8319,9827
1381,2845,4226
8300,9909,18209
8717,9509,18226
5629,6704,12333
2776,9103,11879
3284,2244,5528
2333,4669,7002
2200,2794,4994
7181,2454,9635
2933,1746,4679
8370,8973,17343
7827,1792,9619
7927,2267,10194
7369,3690,11059
8874,1292,10166
7864,5022,12886
2648,6171,8819
2693,7710,10403
2037,4852,6889
6459,8048,14507
7184,2161,9345
2029,1978,4007
9709,9974,19683
6129,1137,7266
9945,5808,15753
3455,8392,11847
9771,4266,14037
5649,9587,15236
6253,6428,12681
6985,3589,10574
8176,4034,12210
1169,4239,5408
4415,4568,8983
4484,5835,10319
2841,7878,10719
5552,7844,13396
4026,7189,11215
4965,8184,13149
6479,6380,12859
2146,5326,7472
1111,1592,2703
8413,9179,17592
2238,6983,9221
3794,4598,8392
4803,2526,7329
8909,2969,11878
2502,5467,7969
7407,9301,16708
3354,6319,9673
1225,4011,5236
5126,1613,6739
1098,6458,7556
6916,4337,11253
3699,6917,10616
8517,2019,10536
4025,4528,8553
4886,7231,12117
6182,6578,12760
7729,7961,15690
7013,1796,8809
2957,4066,7023
3680,5441,9121
3948,4731,8679
2101,6484,8585
5231,9983,15214
1981,6170,8151
9935,3431,13366
9566,7349,16915
4897,8548,13445
2991,3928,6919
6430,4446,10876
7775,9783,17558
6161,3569,9730
3872,2335,6207
6413,1112,7525
4772,6294,11066
2987,5829,8816
2985,6091,9076
1252,9315,10567
1623,4156,5779
4389,4417,8806
3945,9632,13577
3092,3705,6797
4759,6112,10871
1553,5904,7457
2112,3777,5889
8097,2314,10411
4493,9290,13783
8473,8015,16488
6710,2222,8932
5583,6520,12103
8872,9668,18540
6431,2705,9136
1517,2220,3737
3506,5325,8831
6479,8436,14915
4090,7497,11587
6168,7993,14161
1973,6277,8250
9257,7092,16349
3906,1570,5476
1307,4742,6049
9974,1765,11739
9964,8814,18778
8735,9036,17771
8596,1539,10135
8985,3049,12034
4283,5675,9958
2663,7476,10139
4439,9697,14136
8143,4247,12390
4500,2910,7410
1732,4513,6245
5609,5456,11065
4335,9168,13503
8056,3753,11809
2372,4376,6748
9481,1063,10544
4945,1329,6274
5858,2963,8821
4088,1140,5228
5539,3473,9012
6594,4903,11497
6364,1449,7813
5446,5694,11140
5806,1869,7675
7079,8307,15386
4659,4602,9261
9584,3448,13032
8592,3953,12545
6131,2358,8489
9219,1387,10606
1832,9441,11273
5193,2838,8031
1891,6588,8479
2305,6283,8588
5548,5192,10740
7452,9453,16905
3340,2793,6133
7394,1324,8718
8848,9114,17962
7644,5782,13426
4137,4898,9035
1835,5154,6989
3778,7409,11187
5313,6646,11959
8608,4721,13329
8911,2671,11582
1916,6588,8504
7496,2836,10332
3138,5007,8145
2905,4989,7894
4485,5797,10282
3732,8714,12446
2321,4354,6675
8101,5743,13844
9951,8014,17965
4412,8825,13237
2357,4481,6838
2766,9219,11985
8163,3470,11633
1159,3892,5051
6326,5113,11439
8749,8798,17547
5999,2570,8569
4405,6527,10932
6848,7817,14665
2627,7143,9770
9396,7558,16954
6272,8881,15153
9983,4747,14730
2607,6074,8681
8153,7733,15886
1066,9000,10066
8645,5158,13803
1402,8925,10327
5166,3925,9091
3993,1771,5764
8371,6713,15084
9167,2556,11723
2151,6314,8465
2217,4944,7161
9039,3042,12081
7303,9897,17200
3669,3113,6782
3977,5378,9355
8227,7261,15488
1422,9722,11144
1090,4372,5462
7036,2942,9978
4805,1097,5902
2479,5626,8105
6147,4647,10794
6443,1079,7522
6577,3223,9800
3569,5518,9087
2123,3623,5746
2403,3578,5981
1331,8485,9816
1739,9233,10972
5980,4878,10858
2949,4460,7409
3128,5497,8625
3154,6230,9384
8444,2237,10681
9697,6240,15937
5815,1256,7071
2720,8347,11067
8076,2071,10147
2622,3066,5688
9642,1897,11539
6175,9273,15448
9928,5174,15102
6781,4944,11725
7426,6435,13861
3935,6833,10768
9088,1461,10549
1116,6785,7901
7507,6830,14337
5561,9127,14688
1659,3122,4781
2586,5682,8268
7799,9826,17625
7987,8975,16962
3882,6249,10131
3811,6527,10338
2884,9813,12697
6073,6416,12489
6800,7895,14695
7315,5930,13245
3365,1854,5219
3728,1915,5643
8173,5938,14111
1131,4593,5724
1293,4685,5978
9016,8762,17778
7846,8584,16430
8310,6356,14666
1286,9641,10927
7586,6303,13889
4116,6874,10990
7970,9148,17118
9444,2235,11679
1999,4760,6759
5116,5411,10527
6557,6352,12909
4683,3261,7944
2853,9791,12644
7895,3990,11885
1862,5527,7389
2219,4795,7014
1527,8369,9896
3922,6849,10771
2162,1846,4008
7959,4086,12045
4283,4323,8606
1445,2025,3470
2359,9210,11569
7113,9752,16865
1471,1027,2498
9751,4236,13987
4948,7172,12120
2979,5921,8900
3326,3330,6656
8646,2002,10648
7448,7837,15285
7467,8354,15821
3529,2430,5959
4912,2532,7444
2892,2421,5313
9582,6768,16350
3818,6617,10435
2195,7229,9424
6305,9077,15382
1842,6200,8042
6921,1294,8215
7097,7412,14509
9836,7678,17514
6020,6743,12763
1110,9775,10885
5864,2648,8512
7381,3381,10762
1105,6818,7923
1381,5356,6737
6918,2316,9234
6454,5074,11528
5804,1906,7710
8621,1662,10283
7718,9654,17372
1942,9349,11291
7415,4309,11724
2326,3106,5432
5799,9839,15638
3938,3483,7421
2375,8856,11231
1244,3348,4592
1479,2935,4414
6757,1087,7844
9764,1178,10942
1162,3640,4802
3348,3421,6769
5298,5142,10440
5503,2217,7720
3474,1929,5403
8958,9508,18466
2502,1420,3922
6830,5358,12188
2449,6811,9260
9619,8871,18490
9588,9987,19575
1106,5049,6155
9289,2903,12192
8649,4570,13219
6376,1042,7418
7385,2577,9962
7065,6885,13950
9576,4577,14153
4238,6244,10482
3134,4892,8026
5321,6776,12097
6828,4815,11643
1295,1413,2708
6956,7278,14234
7668,9195,16863
1177,9937,11114
5354,9843,15197
6914,6482,13396
4271,7687,11958
6392,1289,7681
9994,9425,19419
1407,1693,3100
2169,9623,11792
8782,4044,12826
6530,5992,12522
4924,7970,12894
4312,5318,9630
2688,1467,4155
3422,8279,11701
5507,5721,11228
6371,8541,14912
2486,4749,7235
9059,3503,12562
8855,8055,16910
1399,5382,6781
2539,9428,11967
8185,5910,14095
5509,7051,12560
7152,9611,16763
5124,3395,8519
9852,4950,14802
1449,1379,2828
8285,3301,11586
8710,6792,15502
9918,8216,18134
5905,6999,12904
9607,8122,17729
1599,8288,9887
8921,2567,11488
2094,7191,9285
2458,9046,11504
5934,2354,8288
7473,9404,16877
4894,9032,13926
3963,4042,8005
7973,8139,16112
7930,2732,10662
8870,6340,15210
6111,4081,10192
8802,8527,17329
5868,2529,8397
2081,8994,11075
4531,1716,6247
7229,1204,8433
7784,5094,12878
6482,6740,13222
8219,7154,15373
5842,9103,14945
3018,6051,9069
9709,8835,18544
2438,5086,7524
6127,3052,9179
8529,8147,16676
5368,5517,10885
3312,6577,9889
9973,2244,12217
3416,7490,10906
7168,6839,14007
9608,9406,19014
8097,6009,14106
2582,9924,12506
8876,3427,12303
6721,9423,16144
5930,5353,11283
8832,6375,15207
1402,7567,8969
5865,9146,15011
1064,3237,4301
8770,1172,9942
8935,3675,12610
5005,7544,12549
9829,1948,11777
2694,5757,8451
7282,1142,8424
7001,7652,14653
5581,6087,11668
2460,4887,7347
9484,1837,11321
6846,9463,16309
3369,9997,13366
4174,6985,11159
1882,4171,6053
3040,7732,10772
7372,6985,14357
8562,6900,15462
8965,6316,15281
9465,1589,11054
9774,6063,15837
4633,2990,7623
7515,2258,9773
3866,4738,8604
1571,9736,11307
5222,1637,6859
9232,5882,15114
5392,4672,10064
8257,5711,13968
6643,1159,7802
6938,1580,8518
9411,8586,17997
5474,8073,13547
6059,5328,11387
2394,1921,4315
3773,5462,9235
5576,4434,10010
7733,2865,10598
1724,1711,3435
8710,6080,14790
1390,5487,6877
9116,7747,16863
7066,5494,12560
4572,8769,13341
3311,7773,11084
7905,4642,12547
7338,3609,10947
7240,8806,16046
1757,6086,7843
7220,6602,13822
7121,9956,17077
3725,4368,8093
4497,9174,13671
6642,9774,16416
5766,5633,11399
2821,2185,5006
2637,8236,10873
9380,2746,12126
6797,9089,15886
3620,8597,12217
9002,7107,16109
3793,3500,7293
9361,5925,15286
2080,5864,7944
5453,3248,8701
2325,4873,7198
2688,3985,6673
3076,2461,5537
1072,7030,8102
5611,3796,9407
8717,5516,14233
3493,5231,8724
4576,9100,13676
6728,1032,7760
5373,4598,9971
3392,7705,11097
7790,3677,11467
2401,1817,4218
7203,5562,12765
5723,3438,9161
7828,2210,10038
7641,1599,9240
6480,2846,9326
7592,8861,16453
2887,1679,4566
4252,2835,7087
3177,9142,12319
1148,2495,3643
2744,2646,5390
3995,7643,11638
8378,9849,18227
4667,1576,6243
5779,9187,14966
3972,8756,12728
4948,7544,12492
3045,2627,5672
2488,4563,7051
2802,4591,7393
4520,6896,11416
8643,8041,16684
4311,3305,7616
8875,2967,11842
9009,6462,15471
7897,4458,12355
9585,5778,15363
4730,5365,10095
8547,1027,9574
4491,7423,11914
6301,7160,13461
2173,1338,3511
1841,1293,3134
7558,2647,10205
5898,5526,11424
6614,4801,11415
9280,8376,17656
1899,4477,6376
2744,7096,9840
3253,2633,5886
8001,8020,16021
9149,5701,14850
7735,2013,9748
4299,2506,6805
5803,1977,7780
2817,5901,8718
7798,1473,9271
1567,8966,10533
3258,9120,12378
5310,2982,8292
2096,7610,9706
4570,7497,12067
4646,3419,8065
5279,1673,6952
3802,8312,12114
3369,5530,8899
2066,6432,8498
9073,1687,10760
1068,7774,8842
1419,7891,9310
6593,7104,13697
4892,1439,6331
2208,3563,5771
8466,2253,10719
4209,4549,8758
1614,4078,5692
4490,4543,9033
9102,2900,12002
6680,7751,14431
6862,2712,9574
3329,2194,5523
7781,9162,16943
5906,2378,8284
1749,6292,8041
1300,5695,6995
5624,4837,10461
1277,4917,6194
8307,3161,11468
2389,9882,12271
5732,4468,10200
7141,6969,14110
4816,6037,10853
6994,3451,10445
1024,6962,7986
3556,8632,12188
1060,8675,9735
1122,6616,7738
2186,6158,8344
8864,5089,13953
3472,8450,11922
3964,9104,13068
2310,9346,11656
3212,7792,11004
9703,9378,19081
2845,8660,11505
2702,1390,4092
1654,6835,8489
5271,9955,15226
4400,6319,10719
7732,7674,15406
2085,6446,8531
5376,2963,8339
6177,5572,11749
8543,9907,18450
1242,7510,8752
4915,1837,6752
4323,3953,8276
2432,7854,10286
8655,9431,18086
9330,9611,18941
1303,3162,4465
7486,5102,12588
7874,2168,10042
1415,6243,7658
1149,7524,8673
6899,1838,8737
7144,8466,15610
2320,2523,4843
6234,7144,13378
1552,4756,6308
4671,1481,6152
1599,8677,10276
2982,2634,5616
8830,3997,12827
1686,6529,8215
2759,8023,10782
7208,8234,15442
3480,8476,11956
8770,1114,9884
1568,8951,10519
3689,5590,9279
4340,3988,8328
4151,4015,8166
7345,4574,11919
8838,2608,11446
1559,7621,9180
8126,6565,14691
5435,6650,12085
9803,2881,12684
5169,4863,10032
8436,4708,13144
2709,8860,11569
2692,1125,3817
2199,7092,9291
3711,7228,10939
6995,9182,16177
6502,6760,13262
6582,3498,10080
3565,7989,11554
5790,6024,11814
9307,2031,11338
2241,2742,4983
6709,6999,13708
5090,9160,14250
7883,6129,14012
5403,7577,12980
5897,1163,7060
4310,4388,8698
1995,7161,9156
2877,9103,11980
4264,2348,6612
3251,8290,11541
9018,7590,16608
8658,1432,10090
6743,6247,12990
8715,4817,13532
2070,5600,7670
9306,1994,11300
5318,5731,11049
7068,8670,15738
5767,1957,7724
9287,3154,12441
1631,7045,8676
1697,1031,2728
7209,5874,13083
6562,9740,16302
3248,7192,10440
7406,2156,9562
9535,6295,15830
7154,3248,10402
4285,3003,7288
4615,4672,9287
8458,3155,11613
4479,1051,5530
3159,5390,8549
4651,8356,13007
3112,6765,9877
2354,6620,8974
4754,1209,5963
7232,8846,16078
7171,1237,8408
9527,9075,18602
2576,9691,12267
9982,4540,14522
8257,1149,9406
2624,8661,11285
3574,5428,9002
8529,5269,13798
8769,3108,11877
4947,8899,13846
5914,7667,13581
3263,4815,8078
1577,1422,2999
3763,2229,5992
4176,9945,14121
1687,1722,3409
1746,5337,7083
3712,1707,5419
9626,1483,11109
2533,1169,3702
2020,8093,10113
7466,1847,9313
9887,4346,14233
5013,9078,14091
1031,9368,10399
8877,7170,16047
8830,3315,12145
1065,2928,3993
6011,8533,14544
7225,6447,13672
1584,7470,9054
7685,6244,13929
9154,8951,18105
2748,8670,11418
3204,2892,6096
8018,4093,12111
1973,5024,6997
7615,5329,12944
7715,2477,10192
6689,9962,16651
8329,7444,15773
9497,1001,10498
9462,7843,17305
6972,8903,15875
6105,8702,14807
3914,6156,10070
9298,4168,13466
3599,6716,10315
3235,3799,7034
8013,6473,14486
1018,1858,2876
6380,4032,10412
5505,6789,12294
3531,8471,12002
5719,5863,11582
5038,3452,8490
3846,9064,12910
7622,9896,17518
4462,2159,6621
5626,8056,13682
4722,4560,9282
7117,7589,14706
7849,3243,11092
9177,2760,11937
6442,8679,15121
3675,8124,11799
6781,4236,11017
6898,9235,16133
9680,5276,14956
5723,6644,12367
2115,2781,4896
9842,2876,12718
6363,9532,15895
4375,3750,8125
4276,1448,5724
6537,5172,11709
9989,4496,14485
3182,4326,7508
9837,1719,11556
2522,7756,10278
7627,2069,9696
6562,8749,15311
5887,5674,11561
3156,8944,12100
5139,6629,11768
8087,6078,14165
7405,7871,15276
1632,3199,4831
6353,3910,10263
1622,7073,8695
1360,7365,8725
9401,4943,14344
5869,9128,14997
1877,5795,7672
8791,3523,12314
7270,9583,16853
7623,6088,13711
8564,8066,16630
7545,3321,10866
9149,9125,18274
9330,9294,18624
6333,9675,16008
8858,5319,14177
6389,2848,9237
4205,3161,7366
2464,1643,4107
6351,5553,11904
7518,6723,14241
8946,1610,10556
5302,2543,7845
2466,7236,9702
2181,3146,5327
3272,5536,8808
1719,5680,7399
4472,4642,9114
1063,1559,2622
8446,2733,11179
9861,4894,14755
2542,3415,5957
7090,6217,13307
6387,6179,12566
9187,7643,16830
8660,3458,12118
7028,6447,13475
5559,3749,9308
2948,7306,10254
9251,9092,18343
9524,1189,10713
7008,8482,15490
1295,9368,10663
9168,1799,10967
9997,8003,18000
9406,3700,13106
9788,6873,16661
5714,7491,13205
9333,3839,13172
4513,2135,6648
7357,3247,10604
7548,5516,13064
5102,2548,7650
7532,5511,13043
3831,4062,7893
8975,4052,13027
8210,4539,12749
1526,3807,5333
2753,7882,10635
2654,5841,8495
5041,6024,11065
9965,9734,19699
5417,9977,15394
5635,3883,9518
6884,1448,8332
4310,5585,9895
9108,5409,14517
8873,7051,15924
9576,1294,10870
2238,9041,11279
3816,2098,5914
2737,3189,5926
3765,2222,5987
7549,1410,8959
3945,9102,13047
5786,1786,7572
3109,6446,9555
6835,2986,9821
9126,8300,17426
6709,3403,10112
9262,5401,14663
7701,4295,11996
9953,3121,13074
4582,5197,9779
6700,8232,14932
5288,2085,7373
9645,3621,13266
9810,9828,19638
3348,5874,9222
4036,3349,7385
6743,5432,12175
7175,8265,15440
7103,8358,15461
3031,2249,5280
7808,4556,12364
9519,9988,19507
6299,4094,10393
3977,1962,5939
6725,6489,13214
2268,6279,8547
1372,5380,6752
8617,7279,15896
1095,5369,6464
4941,8021,12962
4944,6868,11812
6396,9041,15437
1131,8290,9421
7516,6906,14422
1807,1050,2857
6277,1055,7332
4664,1743,6407
7030,9131,16161
1079,3966,5045
4728,5536,10264
1125,6813,7938
9410,1947,11357
1594,6030,7624
1140,4055,5195
5205,6171,11376
8782,3660,12442
7856,7089,14945
6318,3552,9870
4611,9062,13673
2040,9506,11546
8603,5172,13775
3946,4236,8182
4680,5807,10487
2537,4872,7409
2867,2161,5028
4920,6693,11613
4882,8738,13620
9456,7331,16787
6182,2526,8708
9131,5394,14525
2158,5367,7525
5630,4513,10143
2144,1068,3212
4717,5723,10440
5213,7413,12626
4466,4026,8492
7998,3747,11745
8271,7171,15442
4855,9753,14608
3203,4419,7622
2144,3699,5843
1560,2187,3747
4133,4411,8544
2689,5407,8096
3423,2369,5792
7007,7728,14735
9772,1976,11748
5272,7497,12769
1118,2542,3660
5862,4043,9905
1972,1915,3887
7621,1586,9207
9542,6625,16167
8354,5591,13945
3562,7839,11401
9464,3927,13391
7195,7276,14471
5290,6882,12172
7446,6167,13613
2522,1561,4083
4540,2479,7019
7677,2205,9882
7660,9848,17508
1589,5326,6915
5904,7421,13325
4759,9939,14698
9655,9945,19600
6936,9774,16710
3205,5114,8319
5027,5816,10843
8188,3808,11996
4603,4913,9516
2419,3167,5586
3144,3167,6311
6891,7536,14427
2166,4575,6741
3841,2870,6711
3886,1159,5045
8243,4763,13006
2055,1333,3388
4596,8607,13203
2362,1925,4287
6519,3443,9962
4980,8260,13240
2419,1059,3478
3524,4797,8321
2578,8201,10779
1707,9165,10872
6277,2780,9057
3413,8750,12163
3161,9800,12961
1308,6439,7747
5307,3364,8671
1184,6324,7508
6483,1245,7728
9430,9183,18613
6924,1519,8443
4907,1276,6183
6101,9797,15898
5573,5603,11176
5053,7812,12865
7073,1141,8214
2717,8313,11030
6714,1399,8113
5763,7255,13018
1238,4215,5453
8541,4647,13188
6408,7340,13748
3429,4652,8081
7307,6140,13447
3878,2535,6413
9727,7254,16981
1948,4941,6889
7603,9625,17228
2403,8819,11222
4511,3935,8446
5878,8506,14384
8591,6060,14651
4333,2602,6935
9420,3196,12616
1110,7023,8133
5159,4867,10026
8641,6004,14645
9204,8077,17281
4261,1662,5923
9885,4390,14275
4018,2902,6920
5171,1328,6499
7295,4846,12141
1224,3520,4744
9064,4714,13778
3407,7683,11090
1810,7752,9562
4117,5773,9890
4290,3251,7541
5661,5606,11267
7421,4052,11473
9207,5451,14658
5925,3646,9571
3906,2746,6652
5309,1448,6757
4012,2568,6580
4491,8310,12801
7883,6984,14867
8088,5768,13856
2064,4821,6885
9759,2436,12195
7097,3483,10580
8719,5800,14519
7382,5829,13211
7153,3794,10947
8612,2097,10709
2638,9455,12093
1160,6906,8066
9502,9418,18920
9464,8081,17545
5412,4157,9569
3338,6588,9926
2601,6888,9489
4718,6546,11264
2925,9758,12683
3915,7898,11813
9443,6652,16095
4501,8274,12775
2602,8359,10961
1513,9633,11146
9192,7501,16693
1902,6719,8621
9148,3321,12469
1855,2017,3872
6279,8712,14991
5680,8072,13752
7624,1195,8819
5694,5651,11345
7991,3697,11688
2057,6207,8264
3792,1420,5212
3814,3840,7654
2031,8639,10670
2491,5975,8466
5947,1509,7456
2859,6061,8920
2858,6607,9465
3065,3966,7031
7773,8892,16665
5442,4204,9646
1575,1198,2773
8423,2365,10788
8834,2998,11832
6350,7444,13794
2016,4618,6634
1025,4724,5749
4458,7593,12051
9662,8280,17942
9069,5746,14815
8589,7978,16567
4041,8765,12806
6404,1571,7975
9796,5980,15776
9573,2236,11809
3380,8177,11557
2517,2533,5050
6887,8859,15746
4489,5642,10131
3150,6319,9469
4766,5960,10726
7061,6857,13918
5487,8750,14237
2077,2300,4377
7649,8181,15830
9138,3529,12667
4260,1363,5623
1845,4032,5877
2327,9583,11910
4255,6136,10391
8108,4237,12345
6668,7312,13980
9956,6465,16421
1498,7062,8560
3944,8952,12896
6856,8838,15694
7077,1135,8212
5033,7700,12733
5113,7546,12659
9396,5594,14990
1561,6400,7961
8333,4314,12647
4960,3211,8171
3371,7974,11345
3681,3806,7487
3255,7382,10637
5899,4159,10058
6656,2452,9108
3322,8097,11419
2768,7096,9864
6185,2169,8354
5710,7590,13300
1386,3430,4816
2405,1123,3528
4997,6909,11906
4896,9066,13962
1727,8039,9766
8715,4670,13385
2141,5031,7172
9550,4742,14292
3844,3211,7055
1972,1360,3332
3632,4190,7822
5948,2624,8572
2756,8818,11574
6119,7026,13145
9432,7975,17407
1975,5318,7293
6923,3313,10236
1787,3428,5215
9747,7664,17411
8483,2363,10846
4959,9781,14740
2749,7671,10420
1540,8634,10174
9482,4935,14417
4958,4859,9817
9050,6331,15381
9199,2657,11856
7185,5428,12613
8237,2039,10276
3116,9876,12992
5018,8546,13564
2824,4534,7358
7670,9254,16924
9452,4571,14023
4192,5953,10145
5275,1354,6629
6029,3774,9803
1588,1604,3192
9365,1353,10718
6434,1433,7867
9450,1867,11317
9787,6764,16551
1393,4754,6147
5370,5521,10891
8699,5578,14277
9405,3126,12531
9330,5193,14523
4960,1663,6623
3832,5574,9406
7371,8624,15995
7292,6177,13469
9353,8006,17359
4178,6546,10724
5490,5896,11386
1185,5653,6838
2980,5541,8521
8808,1829,10637
4519,9008,13527
6909,2225,9134
6774,3844,10618
8347,3733,12080
5420,4996,10416
2688,3447,6135
1867,7952,9819
7084,9431,16515
6305,9239,15544
5049,4457,9506
4228,2248,6476
2167,4490,6657
2897,3179,6076
6955,3720,10675
2943,6912,9855
8686,4696,13382
3825,9414,13239
2746,1529,4275
7384,9325,16709
5486,1101,6587
4723,3728,8451
3545,3558,7103
7846,1948,9794
5936,3053,8989
1193,9933,11126
8304,3959,12263
9174,3923,13097
4239,4865,9104
9229,5566,14795
7595,6609,14204
4213,6108,10321
2783,9294,12077
6830,6831,13661
1041,7209,8250
2061,4689,6750
8595,7807,16402
4997,1325,6322
8205,2120,10325
1107,7294,8401
6193,8224,14417
9526,3039,12565
1803,1766,3569
4527,3306,7833
2488,5129,7617
3373,4309,7682
7834,6735,14569
5834,7990,13824
4983,4768,9751
2504,7793,10297
3450,3033,6483
9002,7019,16021
2307,1975,4282
5939,4733,10672
9551,3223,12774
1484,2428,3912
3080,1695,4775
7300,5660,12960
1201,9265,10466
9287,4477,13764
3202,8490,11692
9449,7317,16766
5425,6350,11775
3806,8163,11969
1185,9070,10255
9334,8050,17384
9831,3074,12905
8654,1201,9855
6710,4165,10875
3102,2571,5673
6125,7697,13822
6169,3159,9328
2329,4613,6942
9652,9998,19650
4699,7027,11726
3273,9250,12523
5823,8075,13898
1497,7959,9456
7210,8126,15336
4976,7420,12396
2607,9912,12519
2274,1690,3964
5023,8247,13270
4437,3355,7792
6581,1749,8330
4051,8763,12814
4564,6758,11322
2704,7074,9778
3377,9019,12396
6274,4231,10505
7409,3215,10624
7288,7329,14617
1885,1864,3749
7917,4054,11971
9977,9648,19625
9536,1553,11089
6116,8683,14799
1787,9896,11683
5907,8190,14097
1814,9335,11149
3777,4766,8543
5958,4825,10783
2216,5470,7686
7772,8717,16489
9747,1862,11609
7217,6938,14155
3355,3395,6750
9667,1524,11191
1561,9167,10728
9113,8416,17529
5664,2205,7869
3238,2160,5398
6239,7974,14213
1071,1754,2825
8298,7600,15898
9152,9243,18395
3621,4190,7811
4948,2287,7235
6358,8518,14876
8036,5780,13816
2772,4902,7674
6726,7200,13926
4138,8213,12351
3416,8051,11467
2584,2046,4630
7984,3165,11149
6719,8222,14941
2176,7411,9587
9074,4288,13362
2315,1892,4207
6169,9298,15467
4080,9936,14016
7466,9813,17279
6090,5240,11330
1411,9305,10716
3446,4346,7792
1085,8749,9834
5142,8087,13229
8368,6834,15202
1803,7719,9522
7085,5182,12267
1264,4093,5357
5798,9143,14941
1325,2206,3531
2440,6184,8624
9746,6136,15882
9140,6819,15959
9069,3036,12105
6560,4629,11189
9963,6314,16277
3456,9662,13118
2370,8629,10999
9863,2174,12037
1110,4559,5669
7692,4233,11925
2472,5872,8344
5753,2833,8586
6928,9645,16573
7816,1740,9556
8256,3380,11636
4680,3401,8081
8177,3006,11183
2409,2762,5171
1909,1760,3669
7638,6612,14250
4240,1530,5770
3560,3177,6737
6103,8706,14809
2537,3781,6318
1946,6257,8203
6097,3511,9608
3188,7063,10251
1881,2847,4728
7599,2975,10574
7577,6726,14303
5568,8163,13731
7582,9689,17271
3216,6701,9917
9017,3608,12625
5809,7345,13154
1178,8771,9949
8971,2929,11900
3548,5834,9382
1111,8948,10059
1714,7034,8748
2381,4127,6508
8483,2208,10691
1036,2828,3864
4341,8006,12347
8675,6347,15022
8890,1809,10699
5118,2526,7644
1495,1424,2919
3747,2982,6729
2468,8728,11196
7770,2233,10003
9756,4019,13775
2304,9034,11338
1132,1448,2580
7407,1849,9256
6357,4962,11319
5854,2539,8393
2899,3944,6843
5957,6943,12900
4244,7336,11580
9706,2591,12297
8953,8855,17808
8795,9275,18070
4742,3127,7869
2601,2222,4823
6690,2842,9532
9058,6565,15623
5488,9200,14688
7950,9906,17856
2927,9301,12228
5929,9457,15386
6492,4223,10715
7127,6071,13198
1954,8050,10004
2574,7668,10242
8095,8720,16815
4255,2058,6313
2957,7648,10605
5944,6058,12002
3519,8913,12432
3570,8450,12020
4887,8703,13590
7417,1744,9161
7420,4514,11934
3930,6537,10467
7713,1175,8888
1565,4217,5782
5357,6973,12330
6802,8034,14836
1947,9776,11723
4355,6251,10606
4191,6847,11038
7716,1531,9247
2231,2697,4928
4370,2545,6915
2437,9562,11999
5504,6502,12006
8608,6997,15605
6566,8786,15352
9808,5166,14974
5014,3256,8270
5354,4310,9664
8399,1931,10330
3329,1393,4722
3465,4277,7742
6430,8002,14432
9817,6988,16805
8509,6932,15441
3781,2639,6420
9973,3274,13247
3480,7799,11279
9547,5674,15221
4522,7104,11626
6819,1163,7982
7922,4381,12303
3064,7589,10653
8447,4984,13431
4887,1339,6226
5821,4781,10602
4590,6130,10720
8691,8315,17006
8733,6049,14782
5704,1638,7342
8709,6143,14852
2224,5245,7469
6423,7607,14030
8407,9073,17480
9152,9859,19011
6768,3374,10142
5090,2015,7105
1335,1080,2415
3134,1257,4391
1184,7841,9025
1122,9056,10178
8263,5700,13963
7658,4514,12172
6633,7077,13710
2394,3352,5746
6961,4944,11905
7405,1490,8895
2054,1701,3755
3934,6387,10321
7037,5695,12732
9271,9843,19114
1416,6566,7982
6173,6999,13172
4866,9937,14803
3002,1239,4241
2944,7561,10505
6867,4194,11061
8733,7359,16092
8587,5804,14391
2353,3880,6233
1679,9678,11357
4620,5314,9934
7864,2484,10348
1690,9083,10773
7125,7668,14793
3347,4708,8055
7376,8930,16306
1637,6866,8503
7793,4008,11801
8216,8372,16588
6600,2399,8999
9003,2505,11508
6842,9441,16283
6320,9727,16047
7443,4549,11992
7952,9649,17601
3738,4369,8107
5135,8983,14118
4411,6635,11046
5069,7251,12320
4185,4238,8423
9452,6737,16189
3573,7853,11426
1125,2306,3431
3101,1135,4236
8311,2459,10770
5231,8656,13887
1812,8900,10712
8568,1870,10438
9826,1668,11494
2293,9460,11753
9673,4390,14063
9294,6549,15843
5887,5334,11221
6684,7750,14434
3235,5983,9218
8752,6019,14771
9041,3577,12618
1675,3439,5114
6587,6945,13532
5767,8004,13771
8728,7609,16337
5934,4648,10582
8131,2312,10443
5099,2654,7753
7018,2285,9303
8852,9726,18578
8046,6180,14226
2379,1645,4024
9215,6412,15627
5652,7834,13486
5451,7103,12554
8084,5124,13208
1364,3655,5019
9600,8433,18033
2314,6272,8586
1218,5703,6921
6131,2539,8670
4433,2602,7035
3704,6064,9768
4648,2105,6753
6736,6812,13548
3488,9808,13296
3418,1027,4445
9207,9524,18731
8977,5661,14638
5549,4953,10502
5261,9123,14384
5973,9436,15409
2356,4467,6823
7964,8067,16031
2745,4879,7624
4777,3115,7892
7257,3267,10524
3267,8086,11353
5481,8465,13946
1929,8773,10702
4324,5587,9911
1356,5310,6666
5064,6499,11563
4841,6333,11174
7671,8059,15730
1665,7853,9518
1553,9519,11072
8045,8283,16328
1149,3853,5002
3736,1956,5692
6180,9607,15787
3645,4774,8419
6013,1084,7097
2935,7749,10684
2501,7569,10070
3473,1735,5208
3838,3562,7400
4906,2272,7178
5836,2862,8698
5226,1542,6768
7209,3765,10974
8268,1884,10152
4649,7890,12539
4571,4933,9504
6856,4666,11522
9566,1557,11123
7040,2128,9168
2360,6420,8780
6349,3625,9974
1057,9503,10560
6848,3737,10585
6493,4877,11370
3282,7786,11068
6508,2431,8939
2775,5207,7982
5385,7351,12736
4974,6905,11879
5677,5465,11142
9411,4302,13713
7945,3302,11247
7285,5966,13251
4726,3042,7768
9714,3998,13712
8971,1909,10880
5133,2880,8013
3560,8527,12087
6696,4072,10768
5476,5489,10965
5491,9736,15227
7855,8401,16256
4097,4505,8602
2084,1552,3636
6560,2153,8713
6473,3245,9718
2686,6835,9521
1693,8538,10231
9091,6835,15926
9689,7794,17483
9804,9567,19371
1805,1920,3725
4604,2443,7047
8048,2545,10593
2210,7212,9422
5687,6310,11997
1913,3780,5693
9581,8732,18313
5987,4625,10612
8326,3570,11896
4737,3779,8516
9530,2976,12506
1794,2722,4516
1898,1102,3000
8453,3032,11485
7172,2534,9706
8197,5570,13767
7706,1434,9140
9246,9503,18749
8256,7461,15717
5083,6996,12079
5852,3512,9364
6528,2263,8791
6951,3747,10698
8280,2093,10373
4763,8351,13114
1232,3101,4333
3028,7233,10261
8926,2929,11855
9599,4340,13939
2977,3413,6390
9026,6418,15444
7025,5937,12962
4597,2378,6975
1620,1929,3549
7544,8572,16116
6826,1974,8800
2689,5671,8360
7920,7776,15696
9917,9353,19270
8784,1658,10442
3897,6668,10565
7225,3542,10767
4205,5044,9249
4433,7711,12144
8384,1877,10261
2091,4059,6150
8007,6262,14269
8513,2674,11187
3826,4052,7878
1313,9921,11234
1383,6884,8267
2812,3324,6136
6248,4429,10677
4291,8173,12464
5846,7767,13613
1227,7073,8300
6704,9203,15907
8765,2522,11287
1691,2739,4430
2525,1069,3594
7251,4123,11374
5724,8649,14373
2287,9767,12054
5954,1744,7698
7275,5576,12851
6076,1941,8017
6050,1767,7817
3438,9819,13257
1376,1089,2465
7066,6575,13641
3655,2515,6170
4017,8811,12828
8343,2573,10916
6597,4926,11523
4796,9823,14619
2232,3264,5496
3047,1535,4582
8884,7881,16765
8378,4097,12475
4073,2025,6098
3051,4621,7672
5563,9392,14955
5403,4323,9726
4358,7141,11499
6017,7435,13452
8321,3971,12292
9777,4345,14122
6816,5604,12420
4424,5100,9524
9551,4477,14028
8182,8440,16622
5658,3812,9470
1044,1633,2677
7804,3768,11572
9785,8875,18660
2926,1856,4782
6988,9743,16731
8847,5138,13985
5274,1606,6880
9863,6022,15885
1016,6734,7750
3873,8765,12638
6149,6311,12460
3484,7322,10806
9807,7777,17584
4205,5407,9612
4807,9716,14523
4173,2473,6646
4338,5557,9895
3412,3151,6563
4182,9619,13801
9162,5564,14726
2014,2604,4618
1869,7913,9782
3727,3852,7579
3608,2273,5881
8649,2955,11604
9778,9392,19170
5549,9302,14851
9100,3911,13011
6868,6663,13531
1554,9298,10852
4336,7369,11705
3534,3226,6760
4293,1166,5459
4624,3347,7971
2404,7178,9582
3774,9760,13534
4739,9018,13757
5464,8741,14205
8636,9020,17656
8288,5094,13382
3930,1763,5693
4450,4395,8845
4719,5801,10520
9412,2861,12273
1109,7549,8658
9890,6529,16419
9299,9580,18879
9616,3494,13110
8732,6759,15491
2527,3026,5553
2855,9638,12493
2597,9401,11998
1848,6958,8806
4529,2918,7447
9768,6761,16529
1688,9981,11669
7306,6072,13378
2355,2687,5042
9541,5350,14891
7501,7086,14587
5208,7667,12875
1990,6290,8280
2376,8247,10623
8202,9755,17957
7304,3887,11191
7681,8613,16294
2340,8972,11312
1094,4296,5390
6898,3692,10590
5161,9126,14287
4281,2497,6778
8053,7714,15767
8657,9003,17660
8691,9106,17797
1201,2498,3699
4086,3590,7676
8125,8860,16985
6408,2948,9356
4963,1693,6656
6363,6887,13250
8734,6717,15451
6293,5051,11344
3291,3698,6989
2041,2557,4598
2207,4621,6828
4352,8455,12807
2678,9972,12650
7752,1945,9697
4428,8973,13401
8168,9739,17907
3984,3590,7574
2797,6043,8840
3257,3197,6454
9222,9803,19025
5397,3912,9309
9874,9448,19322
7152,8172,15324
3894,4185,8079
9968,3732,13700
9923,6324,16247
8849,9294,18143
2083,6205,8288
5862,4070,9932
9563,9870,19433
1201,1088,2289
7299,9379,16678
6171,2554,8725
6599,9421,16020
1054,5366,6420
5031,4140,9171
9078,2552,11630
8795,6271,15066
1115,4613,5728
7372,9551,16923
9219,4837,14056
4533,6831,11364
6963,2294,9257
6970,8550,15520
3075,8366,11441
6207,6817,13024
2778,1373,4151
8557,2573,11130
7026,5444,12470
1787,2545,4332
9561,5374,14935
6447,5055,11502
1606,3576,5182
7569,5124,12693
6051,1322,7373
1583,6389,7972
9847,5881,15728
9414,3122,12536
8699,8796,17495
3220,6123,9343
4550,6779,11329
5928,1166,7094
7443,9309,16752
7655,8342,15997
3206,2250,5456
5006,5558,10564
3151,6077,9228
3297,3614,6911
2879,9788,12667
1620,7698,9318
6507,9262,15769
2803,8116,10919
5533,2925,8458
2037,4183,6220
9676,5264,14940
5898,9437,15335
7121,6789,13910
4371,2350,6721
9721,6714,16435
4814,8147,12961
7485,4625,12110
9951,9117,19068
9989,1531,11520
5137,1598,6735
8428,9497,17925
5904,3909,9813
1678,4384,6062
9922,3025,12947
5228,3766,8994
3098,7761,10859
1391,4784,6175
7666,4837,12503
2685,7497,10182
3914,8116,12030
4726,5951,10677
7058,8655,15713
5610,8821,14431
2084,8583,10667
2317,7880,10197
3349,8337,11686
3693,8208,11901
7881,4722,12603
4693,5392,10085
8224,8802,17026
6717,4134,10851
3598,5052,8650
4824,4520,9344
2249,7586,9835
8843,3074,11917
3504,3014,6518
5944,1948,7892
1106,5692,6798
9346,4240,13586
9987,6303,16290
2634,2532,5166
8608,2440,11048
4646,6599,11245
2615,8994,11609
7296,3598,10894
4530,8590,13120
3327,7565,10892
8767,2976,11743
2835,5899,8734
1354,5473,6827
4195,9345,13540
1906,8198,10104
2620,5418,8038
9523,5338,14861
1429,6301,7730
3423,9272,12695
2573,9035,11608
1419,1466,2885
6176,4393,10569
8433,8394,16827
3035,9995,13030
2632,2984,5616
8121,1003,9124
8477,6998,15475
1602,8256,9858
9692,7714,17406
9376,4251,13627
4147,9144,13291
1054,3910,4964
2870,4348,7218
2601,6767,9368
6830,9120,15950
8043,3090,11133
6480,7370,13850
6182,1170,7352
3809,7993,11802
8929,7711,16640
4991,8135,13126
1826,1129,2955
2417,7798,10215
7773,2407,10180
6136,9785,15921
2037,8546,10583
6903,1022,7925
7287,2405,9692
7467,2194,9661
9767,8923,18690
2606,9643,12249
9316,7250,16566
2683,9621,12304
3751,8504,12255
8663,9553,18216
9623,3722,13345
6639,4223,10862
6441,8381,14822
6184,1269,7453
8704,7115,15819
8298,5533,13831
2042,2641,4683
7603,4297,11900
8055,2383,10438
4996,1014,6010
2674,6099,8773
4617,9099,13716
7557,6474,14031
2480,8698,11178
4046,8363,12409
6957,5210,12167
6471,1975,8446
2685,3083,5768
2686,5158,7844
7809,9700,17509
1187,3782,4969
5188,5100,10288
3072,7651,10723
1097,7805,8902
4464,2787,7251
8763,6404,15167
1683,2132,3815
6877,7198,14075
4836,2041,6877
6889,1854,8743
6738,3026,9764
6365,3550,9915
8089,1239,9328
1489,2036,3525
7132,5780,12912
8909,4269,13178
7122,6710,13832
2767,5708,8475
9353,9847,19200
4006,2256,6262
8077,6351,14428
1749,1708,3457
7416,7950,15366
9657,2713,12370
8936,9308,18244
1195,5714,6909
2274,4709,6983
1338,7761,9099
4511,5275,9786
2656,7762,10418
9834,6273,16107
9810,2169,11979
9443,9173,18616
1301,2566,3867
8816,3210,12026
8230,9803,18033
7588,2943,10531
9265,5637,14902
9348,6385,15733
1255,4110,5365
6032,7261,13293
3417,3256,6673
3634,2891,6525
4464,8426,12890
2970,4953,7923
6818,7771,14589
7748,6003,13751
1648,9720,11368
3101,1418,4519
3352,6775,10127
9276,8691,17967
2751,3657,6408
7123,6524,13647
3351,9071,12422
2289,3702,5991
9835,3905,13740
5669,3922,9591
7654,3021,10675
4624,7344,11968
8778,1136,9914
5225,4140,9365
3587,7669,11256
3605,6004,9609
9400,8504,17904
4810,7080,11890
8408,5153,13561
4376,2368,6744
8809,4800,13609
2037,1992,4029
8312,5510,13822
1393,9005,10398
4686,1357,6043
5004,2181,7185
7817,3065,10882
7871,4129,12000
1154,9678,10832
7294,3415,10709
2070,3254,5324
9042,8807,17849
7840,7713,15553
3190,8264,11454
9382,9331,18713
8398,3972,12370
2514,4970,7484
5719,2345,8064
2917,8641,11558
9644,2611,12255
3078,3064,6142
8379,6779,15158
8150,1353,9503
6718,4636,11354
7044,1711,8755
5272,2429,7701
7444,4420,11864
3068,8159,11227
5806,7844,13650
9343,4231,13574
3906,4551,8457
5191,4423,9614
5057,6194,11251
4665,5735,10400
7389,8882,16271
6289,8798,15087
4408,2161,6569
2259,5090,7349
6690,3981,10671
9065,4554,13619
3389,9158,12547
2014,6729,8743
4713,2492,7205
8585,5122,13707
1454,1917,3371
7723,9205,16928
7241,5374,12615
7059,1489,8548
1984,1960,3944
9050,2782,11832
6983,2869,9852
3644,7838,11482
5345,6702,12047
9075,8630,17705
6902,7032,13934
2825,4110,6935
4770,1029,5799
9958,9806,19764
3121,4009,7130
4819,8739,13558
9215,5059,14274
3910,2970,6880
7655,5767,13422
9762,2242,12004
1712,3866,5578
7153,6587,13740
9827,8713,18540
7861,2297,10158
1357,6102,7459
1240,7854,9094
2826,9115,11941
4558,4860,9418
5447,5139,10586
1137,4734,5871
2967,7579,10546
5849,9334,15183
8167,6942,15109
8466,7405,15871
6515,9051,15566
3019,7174,10193
8092,3849,11941
2192,3355,5547
3506,1333,4839
3562,2795,6357
1253,4657,5910
8502,4237,12739
4331,2027,6358
3166,1469,4635
8660,8905,17565
6983,2093,9076
5789,3912,9701
6489,1180,7669
5142,4623,9765
5729,6259,11988
9029,5684,14713
8854,4632,13486
6973,7417,14390
2562,2413,4975
7504,2017,9521
4654,7842,12496
9949,7098,17047
9812,4584,14396
1181,7829,9010
3667,7173,10840
6421,3364,9785
6516,4305,10821
3215,1125,4340
3620,5215,8835
2451,6547,8998
7703,8369,16072
4130,1696,5826
3270,9501,12771
4411,4718,9129
7717,5920,13637
3044,2116,5160
2156,1988,4144
6587,2828,9415
8872,7088,15960
3345,4005,7350
5435,7628,13063
1076,6752,7828
3562,2572,6134
8087,6970,15057
8952,7609,16561
9056,4111,13167
3737,6404,10141
5649,4868,10517
4137,8824,12961
7136,8799,15935
4486,2002,6488
9614,9763,19377
8906,6359,15265
5530,2633,8163
7669,2753,10422
9659,7353,17012
9264,1146,10410
8507,1316,9823
9797,9766,19563
2177,4422,6599
3594,9503,13097
1764,8836,10600
7277,1435,8712
4351,3930,8281
1134,5618,6752
9995,3366,13361
4415,2006,6421
8908,5691,14599
8669,8829,17498
2896,4065,6961
3748,7692,11440
3661,3978,7639
7949,7375,15324
7459,7107,14566
7501,3661,11162
7165,9210,16375
4358,1275,5633
5078,5754,10832
5698,1364,7062
1794,7795,9589
6870,1589,8459
5294,5313,10607
9932,5745,15677
8377,9861,18238
2437,5033,7470
2893,8519,11412
2842,7244,10086
1326,3400,4726
9106,5278,14384
5550,8500,14050
5015,6452,11467
5306,9242,14548
8826,7783,16609
4557,1153,5710
9773,1787,11560
5886,4381,10267
8566,7277,15843
3267,5258,8525
1970,9839,11809
1945,6618,8563
9191,2495,11686
3047,3886,6933
6188,5158,11346
9924,4461,14385
7733,2657,10390
6043,7360,13403
1478,4953,6431
9428,5043,14471
1597,9356,10953
3324,8299,11623
1569,4328,5897
1140,9877,11017
9878,4280,14158
3763,4590,8353
3038,2074,5112
6622,3225,9847
8523,1363,9886
3030,7685,10715
7465,7791,15256
7157,1617,8774
6437,2982,9419
6710,1193,7903
9164,5458,14622
2119,7911,10030
7540,1526,9066
8154,5879,14033
6845,8971,15816
3673,8760,12433
8197,6101,14298
4526,4849,9375
2634,1093,3727
4366,8716,13082
3946,1088,5034
3550,7137,10687
7357,2445,9802
5621,7335,12956
2830,7785,10615
8391,1554,9945
3434,9872,13306
7919,6593,14512
1202,8153,9355
5542,9010,14552
1828,8170,9998
3022,9294,12316
5211,5954,11165
5087,9295,14382
7785,9998,17783
8166,5655,13821
3074,9718,12792
7918,4436,12354
6048,9489,15537
5872,1360,7232
5599,7731,13330
3077,3173,6250
5691,2389,8080
8962,6971,15933
4514,9454,13968
3919,1001,4920
2933,1393,4326
9497,1529,11026
5623,9862,15485
5068,8507,13575
7495,7953,15448
6053,3672,9725
2713,5044,7757
1635,6134,7769
7619,8445,16064
7602,1037,8639
4775,5085,9860
9710,6120,15830
7744,2041,9785
5715,2394,8109
3869,4676,8545
4721,6690,11411
6818,1234,8052
4140,9638,13778
9199,1999,11198
2334,9325,11659
9247,6088,15335
6479,7090,13569
2111,9335,11446
3916,7799,11715
3103,9811,12914
6125,7590,13715
3921,5734,9655
4373,7754,12127
1836,7707,9543
6312,4822,11134
7153,1804,8957
2075,5452,7527
2663,8428,11091
3053,3420,6473
3528,5317,8845
8977,9706,18683
8227,9412,17639
1227,3337,4564
1955,2497,4452
2978,2529,5507
3662,7433,11095
8445,5284,13729
2201,8131,10332
1759,6573,8332
6161,5289,11450
6446,5258,11704
5371,2665,8036
7918,7623,15541
9651,8432,18083
7682,7228,14910
6827,6435,13262
8636,2365,11001
8344,4201,12545
5752,7091,12843
7614,2521,10135
8521,7559,16080
2623,9873,12496
4134,6820,10954
5994,5696,11690
2867,3823,6690
7106,1168,8274
8787,9630,18417
5909,9027,14936
5681,6137,11818
9331,6234,15565
1224,9749,10973
7582,2573,10155
9577,9712,19289
7763,6217,13980
4142,4501,8643
2499,7687,10186
6245,2744,8989
3039,9311,12350
4857,5950,10807
8087,7031,15118
2743,4541,7284
4616,4894,9510
2724,7227,9951
5062,8847,13909
5281,9263,14544
3200,3143,6343
4181,3875,8056
7520,2096,9616
9915,7918,17833
9148,4214,13362
8749,6564,15313
3871,5489,9360
5607,7764,13371
6834,4399,11233
6378,2857,9235
8604,8731,17335
3396,3261,6657
2312,3305,5617
6507,3741,10248
4336,8480,12816
6159,1997,8156
7353,3319,10672
4207,9790,13997
4581,4086,8667
8166,1721,9887
2154,8167,10321
1016,8097,9113
3232,2446,5678
6774,4083,10857
9271,7952,17223
8841,6391,15232
9964,8914,18878
1482,6681,8163
8437,6203,14640
4361,6947,11308
4534,2872,7406
8258,6982,15240
4505,4320,8825
3728,1954,5682
2595,3288,5883
7845,8663,16508
7936,1743,9679
2494,7606,10100
7944,8208,16152
1207,2083,3290
3412,4311,7723
7751,8957,16708
9588,1208,10796
8548,9624,18172
3656,6850,10506
3436,6393,9829
1133,8233,9366
1638,2228,3866
5019,3196,8215
1975,7121,9096
2028,1525,3553
3327,3546,6873
1835,3483,5318
3734,8304,12038
5049,9323,14372
1392,3466,4858
2225,3705,5930
1461,4985,6446
1151,2785,3936
7242,9145,16387
7356,8310,15666
7845,4460,12305
2836,6743,9579
7278,2493,9771
2548,9976,12524
6163,6704,12867
7404,7688,15092
4651,3063,7714
3020,5757,8777
6923,8353,15276
9216,9209,18425
1569,6112,7681
2355,9056,11411
1830,6131,7961
6402,1834,8236
5952,1969,7921
1592,1254,2846
3661,9794,13455
2839,6905,9744
3431,8756,12187
6353,1965,8318
2737,1484,4221
8941,9202,18143
7251,3027,10278
6213,8990,15203
7227,7981,15208
9796,1968,11764
1436,2809,4245
7546,9107,16653
6505,6257,12762
5909,9484,15393
1461,4233,5694
6202,3939,10141
1088,2663,3751
4301,6137,10438
7029,1421,8450
4749,5971,10720
7845,5433,13278
1265,3850,5115
2378,7503,9881
8157,5416,13573
1849,5814,7663
4764,8379,13143
4274,1716,5990
6080,1895,7975
3543,8771,12314
5637,9066,14703
4553,2349,6902
3986,8196,12182
3122,9689,12811
9046,9913,18959
2363,1307,3670
3751,8782,12533
2264,6339,8603
8503,6848,15351
1493,3021,4514
2747,6087,8834
4302,8127,12429
6022,7155,13177
7409,6254,13663
9948,5354,15302
4453,3516,7969
7069,8374,15443
9838,6208,16046
1194,5291,6485
7210,6130,13340
1321,7705,9026
2702,1830,4532
9380,6606,15986
1091,4877,5968
3336,8676,12012
2580,9366,11946
6792,8746,15538
1473,1269,2742
7550,1693,9243
2415,3083,5498
2235,4967,7202
9325,5785,15110
7125,7634,14759
6968,1840,8808
6083,2461,8544
5934,4472,10406
8163,7575,15738
5843,8739,14582
3509,7022,10531
3038,2850,5888
8432,9926,18358
3453,4016,7469
7625,8404,16029
5003,3313,8316
5623,4163,9786
8186,8015,16201
8782,6214,14996
9621,7938,17559
3988,6156,10144
6512,3350,9862
4988,3870,8858
7487,3910,11397
5613,3864,9477
2017,5690,7707
9373,7759,17132
3451,2952,6403
5700,9454,15154
7213,1660,8873
2315,8381,10696
3919,3072,6991
6442,3019,9461
7625,1815,9440
5777,5734,11511
4629,3753,8382
7505,5685,13190
1201,2004,3205
2312,3025,5337
4133,5221,9354
7192,4671,11863
5941,2604,8545
2902,5588,8490
9160,3349,12509
6059,8928,14987
8120,5364,13484
5719,7243,12962
9081,3677,12758
1547,9550,11097
4361,2924,7285
6243,5647,11890
7681,3701,11382
1421,1335,2756
1056,4950,6006
8055,4147,12202
4537,7428,11965
1721,1385,3106
3817,8426,12243
8115,1259,9374
5488,9791,15279
8536,4255,12791
5048,9947,14995
4157,1476,5633
6283,3359,9642
8405,9024,17429
2261,7323,9584
6937,2582,9519
2498,9940,12438
9722,3209,12931
5063,8228,13291
6666,9681,16347
9196,9267,18463
6372,7150,13522
1472,1837,3309
9794,2186,11980
7461,2481,9942
8699,8332,17031
1231,1327,2558
7381,6239,13620
1949,8038,9987
9048,3297,12345
2307,9389,11696
3779,8318,12097
4336,6335,10671
9407,8502,17909
8526,2649,11175
3862,9801,13663
1917,9353,11270
5137,8347,13484
6449,6682,13131
3811,4421,8232
5215,3721,8936
9314,4253,13567
1788,1256,3044
5025,6956,11981
7741,4654,12395
8660,4251,12911
6268,8176,14444
8562,9799,18361
5426,4927,10353
6326,3152,9478
9738,8888,18626
6474,1488,7962
2822,8760,11582
6622,4121,10743
4774,7446,12220
4452,9841,14293
9839,6481,16320
9572,8833,18405
8117,5887,14004
3990,4447,8437
1221,8618,9839
7588,1617,9205
3570,7309,10879
3755,3790,7545
8826,4309,13135
8152,5054,13206
8056,8424,16480
8681,7508,16189
1224,8139,9363
9136,4350,13486
4827,2403,7230
5212,1409,6621
2916,5067,7983
3859,8072,11931
3051,4701,7752
9214,3968,13182
9936,1601,11537
8934,6274,15208
2842,3662,6504
9674,5036,14710
3639,6526,10165
6368,8143,14511
7103,4825,11928
6670,5796,12466
4608,7878,12486
2018,6349,8367
5760,2311,8071
3500,3667,7167
7034,6230,13264
5834,2546,8380
3145,3163,6308
4012,5444,9456
4423,8179,12602
4559,3686,8245
3332,7066,10398
2656,7779,10435
7038,9736,16774
9583,6289,15872
7220,1296,8516
7473,2086,9559
7359,6194,13553
6805,7722,14527
1495,3995,5490
1093,5324,6417
7393,6510,13903
1720,6075,7795
7325,6099,13424
5026,6057,11083
7810,2106,9916
6305,8734,15039
7674,9614,17288
3005,6261,9266
1763,6691,8454
8059,5479,13538
5198,5023,10221
5205,4641,9846
4543,6591,11134
8243,7116,15359
7333,1761,9094
3407,1885,5292
7222,3643,10865
6110,2468,8578
7292,9201,16493
6661,9983,16644
7063,8015,15078
7323,9935,17258
3428,8108,11536
2354,6827,9181
3480,2186,5666
7909,5087,12996
7228,3831,11059
4661,2748,7409
8934,8552,17486
4264,6372,10636
6774,6363,13137
8891,7850,16741
2063,7659,9722
4748,5545,10293
3732,2872,6604
5720,2969,8689
1318,4717,6035
6491,2374,8865
6442,9679,16121
1450,9544,10994
8180,2940,11120
3367,8887,12254
1247,4503,5750
9759,9875,19634
9835,1478,11313
3760,8968,12728
6940,5452,12392
2368,3226,5594
4612,6562,11174
2059,2644,4703
6265,2811,9076
3193,1167,4360
8442,5182,13624
9345,3544,12889
4868,9506,14374
6950,9914,16864
3309,7630,10939
7686,3023,10709
1349,9629,10978
9360,8953,18313
4301,5118,9419
7819,3769,11588
5499,3180,8679
4345,3665,8010
9423,3542,12965
6440,9148,15588
8110,4880,12990
3737,3431,7168
2387,4365,6752
3439,2316,5755
6204,6004,12208
1684,7440,9124
4087,3113,7200
1957,6778,8735
9079,7028,16107
6700,4094,10794
3807,8582,12389
1887,7015,8902
6424,4993,11417
4084,1875,5959
6269,8508,14777
4996,1556,6552
6293,9900,16193
1717,4665,6382
7547,6196,13743
3019,9482,12501
3183,4879,8062
3936,7691,11627
8045,3813,11858
2237,5841,8078
4043,7472,11515
4087,4558,8645
6293,9890,16183
3853,2845,6698
7362,7656,15018
8566,4182,12748
1463,4860,6323
6760,8260,15020
1450,2915,4365
4622,8076,12698
1315,5766,7081
5793,2376,8169
3815,2262,6077
3925,4468,8393
5021,5409,10430
1547,5891,7438
4523,8042,12565
6605,1106,7711
3984,6468,10452
6852,2250,9102
7739,7132,14871
2611,8928,11539
2790,8217,11007
1867,3769,5636
1327,4816,6143
4148,7776,11924
3555,5336,8891
3482,4099,7581
6786,7732,14518
8985,7054,16039
1568,2654,4222
8132,4733,12865
4229,7811,12040
9342,2795,12137
7539,9540,17079
7214,9588,16802
7145,3609,10754
9337,3226,12563
9455,6930,16385
7842,4080,11922
1987,2360,4347
8050,8546,16596
2726,1907,4633
3824,9025,12849
9390,3455,12845
6208,8774,14982
4365,6279,10644
6951,7697,14648
9769,7676,17445
2020,4844,6864
4573,6442,11015
8914,7058,15972
8951,9802,18753
9520,1546,11066
9530,4181,13711
9998,4987,14985
4333,3740,8073
5901,6708,12609
3082,5652,8734
5586,1260,6846
4796,6982,11778
1500,2015,3515
9105,8664,17769
4963,6318,11281
3706,7135,10841
6781,3099,9880
7386,6338,13724
3565,9300,12865
6016,9257,15273
4081,5297,9378
6913,3948,10861
9405,7211,16616
2040,8988,11028
8473,8559,17032
1987,4195,6182
6099,1503,7602
6344,9947,16291
9148,7010,16158
2381,6602,8983
8012,4726,12738
2887,4809,7696
3131,3424,6555
6439,6474,12913
2317,7647,9964
4216,1016,5232
5670,3623,9293
1129,2473,3602
5311,3895,9206
3736,6098,9834
2946,6559,9505
9808,1300,11108
5501,9352,14853
6914,6671,13585
9217,1082,10299
9364,1998,11362
6804,7937,14741
4141,3882,8023
8362,4084,12446
3045,9952,12997
1204,6284,7488
2552,8816,11368
1824,4748,6572
6578,6912,13490
8390,6197,14587
5695,7768,13463
4683,2961,7644
1937,8595,10532
1424,4051,5475
3905,3694,7599
4595,2267,6862
1421,4266,5687
8017,3100,11117
8129,9095,17224
9876,3226,13102
5388,3422,8810
8226,8316,16542
3843,5111,8954
6659,2903,9562
5224,5979,11203
6363,1425,7788
3401,9941,13342
8248,1043,9291
7298,6042,13340
2559,7035,9594
8071,5194,13265
4951,1147,6098
3170,9303,12473
6118,8155,14273
8297,5163,13460
9026,9067,18093
3939,6727,10666
9064,4616,13680
6405,8285,14690
9351,6880,16231
2013,9743,11756
8391,2175,10566
6247,8518,14765
7290,2308,9598
5827,6264,12091
2777,1059,3836
7986,8860,16846
9527,2592,12119
5380,7097,12477
7458,6717,14175
5166,7488,12654
9157,6419,15576
9334,2046,11380
8636,5187,13823
4340,7177,11517
5773,4435,10208
8300,7902,16202
6799,1965,8764
8444,7678,16122
1500,5554,7054
1049,1987,3036
7771,2115,9886
4932,5434,10366
4567,2658,7225
8944,6800,15744
5376,9017,14393
3815,1970,5785
8820,6512,15332
1207,1259,2466
6025,5358,11383
9974,1504,11478
2759,8514,11273
8760,4794,13554
4590,7970,12560
9980,7285,17265
4329,5012,9341
3092,3967,7059
2675,5396,8071
1287,1785,3072
3316,3838,7154
8229,9137,17366
9118,2265,11383
3983,6901,10884
8931,9143,18074
9030,9262,18292
1611,8228,9839
4523,6512,11035
4702,6424,11126
9382,2628,12010
8907,4372,13279
9208,4139,13347
3259,3250,6509
7121,9181,16302
1283,6725,8008
8918,6237,15155
9794,5075,14869
7162,8636,15798
6737,9992,16729
9951,9002,18953
8072,2493,10565
1372,6587,7959
8071,3891,11962
7586,8623,16209
4319,4967,9286
1822,1221,3043
7880,4888,12768
6300,4270,10570
5693,8566,14259
4993,3598,8591
2666,5757,8423
2554,7115,9669
6437,7241,13678
1087,8115,9202
3703,3418,7121
5147,2747,7894
9232,1038,10270
8043,3151,11194
4937,7886,12823
1208,1599,2807
9796,4709,14505
8726,1213,9939
6723,7552,14275
7238,9460,16698
3408,8972,12380
5778,1822,7600
7100,3595,10695
9117,4953,14070
4831,5583,10414
7235,9842,17077
8983,7500,16483
6851,2634,9485
5814,2167,7981
5076,9390,14466
7958,6442,14400
7360,7699,15059
4505,1802,6307
8627,9892,18519
1502,6825,8327
8939,7032,15971
8406,5719,14125
8748,3870,12618
5758,6968,12726
2098,4169,6267
1382,8790,10172
4940,8452,13392
7452,5271,12723
5323,3038,8361
6461,9063,15524
2985,2262,5247
6731,6116,12847
1349,1440,2789
3808,3562,7370
4152,9479,13631
3333,1073,4406
8544,7949,16493
3205,9621,12826
2471,4481,6952
8538,4180,12718
2730,1035,3765
2020,6534,8554
8161,9009,17170
4117,3535,7652
5714,9337,15051
5963,7091,13054
2026,4665,6691
2286,3846,6132
9512,8774,18286
3293,2612,5905
1476,8426,9902
9974,2947,12921
4331,6260,10591
7066,8647,15713
6469,2593,9062
8704,7154,15858
1256,7512,8768
3991,2417,6408
8760,8965,17725
5114,9301,14415
3552,6407,9959
5733,3042,8775
3181,5492,8673
4558,4658,9216
3694,4884,8578
5780,4284,10064
6952,8517,15469
7162,6106,13268
3166,5397,8563
8668,4392,13060
4711,6879,11590
2586,8138,10724
8662,8404,17066
9556,4939,14495
4199,7941,12140
1981,4552,6533
1921,4658,6579
4995,8064,13059
6052,6406,12458
5277,2474,7751
8098,4767,12865
7719,9594,17313
1612,8286,9898
4017,5788,9805
8102,4201,12303
1752,8556,10308
2341,9696,12037
8014,7755,15769
4482,8728,13210
6565,8611,15176
8930,7517,16447
3422,9865,13287
6985,7947,14932
9784,8635,18419
4668,7462,12130
4138,5509,9647
3500,3793,7293
5293,6399,11692
1299,2906,4205
3485,8459,11944
9398,7120,16518
9485,2873,12358
7102,7172,14274
7322,3088,10410
8637,6311,14948
7487,7880,15367
5721,4426,10147
1528,2924,4452
7460,6976,14436
7021,1862,8883
5320,4494,9814
7052,9259,16311
2642,6196,8838
7999,8322,16321
4143,2470,6613
6678,2382,9060
6396,8114,14510
2705,6997,9702
7063,8962,16025
9096,3594,12690
2315,9139,11454
9759,3704,13463
6725,5691,12416
9839,1124,10963
6097,5807,11904
2970,3762,6732
6517,1814,8331
4101,2654,6755
1131,9422,10553
1394,8319,9713
4573,8106,12679
6625,5628,12253
6060,8747,14807
7269,7632,14901
7755,7589,15344
6589,3504,10093
4033,9903,13936
3976,2471,6447
7595,2142,9737
3568,2608,6176
6552,2897,9449
3192,2091,5283
1699,5092,6791
3178,1732,4910
9704,3687,13391
4756,7061,11817
9623,7534,17157
6385,5494,11879
9999,2279,12278
7538,3221,10759
6164,1854,8018
4212,3586,7798
5840,3768,9608
8228,4340,12568
6259,7740,13999
1275,8198,9473
4863,1714,6577
7054,1809,8863
4726,4978,9704
1036,9114,10150
9646,4308,13954
3655,1981,5636
7447,1151,8598
9791,6648,16439
2511,3258,5769
1231,3742,4973
8841,5462,14303
8749,1571,10320
2202,7609,9811
1170,6151,7321
7406,1188,8594
5678,8145,13823
6927,1599,8526
6301,4576,10877
6193,2870,9063
5261,3024,8285
6494,9832,16326
6453,2827,9280
5702,1539,7241
8202,5438,13640
4501,4537,9038
7716,7818,15534
7200,5286,12486
5739,3089,8828
6605,8340,14945
7822,4321,12143
3549,2216,5765
5885,7893,13778
9933,7308,17241
6082,8225,14307
8430,9839,18269
3797,1818,5615
9434,7806,17240
8001,8926,16927
5104,9046,14150
1012,6894,7906
8050,4017,12067
8392,1689,10081
6878,4138,11016
8976,9868,18844
7327,5303,12630
2002,8408,10410
9142,2765,11907
6778,3291,10069
8730,5866,14596
9429,7453,16882
2584,2307,4891
3085,1031,4116
8720,1291,10011
4686,2642,7328
8766,9769,18535
4909,2223,7132
9638,5373,15011
3579,2422,6001
8558,7745,16303
3609,4081,7690
7734,9250,16984
9650,1103,10753
5926,9980,15906
1741,7444,9185
5723,8659,14382
6203,3976,10179
8426,7503,15929
9619,7486,17105
7490,2944,10434
7239,8422,15661
6973,6521,13494
1411,7090,8501
1246,7842,9088
7564,3171,10735
8278,8457,16735
6718,3060,9778
4334,8190,12524
1944,6361,8305
6284,7881,14165
9367,8940,18307
1333,3945,5278
5780,5656,11436
3665,8131,11796
5935,1415,7350
1707,8788,10495
3684,8494,12178
4366,4503,8869
5442,7180,12622
3559,9137,12696
4971,3957,8928
7916,2729,10645
1026,3583,4609
4055,7801,11856
2658,4951,7609
8299,8456,16755
5137,8931,14068
2714,4331,7045
4347,2986,7333
4544,7979,12523
1701,8737,10438
4786,8262,13048
3471,6014,9485
7659,5260,12919
6545,4044,10589
4883,3940,8823
6161,2820,8981
7884,3802,11686
3463,4371,7834
8222,9527,17749
5976,6067,12043
8501,3788,12289
5125,4606,9731
2540,9766,12306
1220,5922,7142
6613,1753,8366
8488,8206,16694
8938,2961,11899
6958,4483,11441
7635,9629,17264
9670,1782,11452
6103,5167,11270
1219,9029,10248
8146,1289,9435
1379,7886,9265
2958,9257,12215
3183,4774,7957
4919,7202,12121
1777,3566,5343
8404,1078,9482
2581,8967,11548
8839,3162,12001
2485,6745,9230
3620,1964,5584
3673,6293,9966
8259,2718,10977
2228,4778,7006
2840,1497,4337
1536,4305,5841
8124,2971,11095
8587,4527,13114
1299,3386,4685
4963,5687,10650
5171,4859,10030
4695,8242,12937
7131,4617,11748
3700,2005,5705
2701,4302,7003
9995,4366,14361
4162,9306,13468
3137,5852,8989
1030,6948,7978
2805,7413,10218
4569,6310,10879
1456,1448,2904
1067,5089,6156
2862,2802,5664
8554,9319,17873
6895,6515,13410
4738,1367,6105
7201,3640,10841
5907,1058,6965
5256,9294,14550
5941,5507,11448
1785,3446,5231
9628,3365,12993
5701,8417,14118
6566,9688,16254
7383,2489,9872
3334,8690,12024
4389,1202,5591
1230,8047,9277
3962,3327,7289
3784,1803,5587
6766,4723,11489
7396,1175,8571
6691,4532,11223
5349,2543,7892
6456,4413,10869
8085,5179,13264
5807,8386,14193
2940,1656,4596
3503,1658,5161
8038,9102,17140
7025,7498,14523
7348,4041,11389
3338,1110,4448
6187,2718,8905
7516,1125,8641
9453,3934,13387
6917,2604,9521
8590,3082,11672
9846,6093,15939
8143,1284,9427
6566,9218,15784
3274,4972,8246
5113,7729,12842
9348,2289,11637
3511,6720,10231
2155,3788,5943
6153,7226,13379
3976,6251,10227
4499,3913,8412
1203,2822,4025
9633,7971,17604
8425,6782,15207
8926,7003,15929
5175,8786,13961
3859,3962,7821
2367,6210,8577
3909,4405,8314
5494,1820,7314
8702,8255,16957
3662,8104,11766
6372,5453,11825
4129,5616,9745
9086,2666,11752
8389,4400,12789
3200,1983,5183
7623,9774,17397
7051,5115,12166
3640,7371,11011
4417,7587,12004
2883,5821,8704
4822,9338,14160
2716,6623,9339
3477,1368,4845
3849,3747,7596
8562,8139,16701
7704,2887,10591
1059,1544,2603
4064,7446,11510
6803,2230,9033
8542,1558,10100
7063,9861,16924
9449,2070,11519
2050,5038,7088
6146,5022,11168
9336,3634,12970
8288,9992,18280
2485,3823,6308
1672,5422,7094
2414,7115,9529
4894,4846,9740
3024,2357,5381
8476,9048,17524
1568,7490,9058
8469,2945,11414
9538,1407,10945
5228,9805,15033
8131,9297,17428
3218,8711,11929
5357,1493,6850
4868,5385,10253
6433,7228,13661
2438,2352,4790
9236,5910,15146
3380,5560,8940
1199,5424,6623
8847,5797,14644
7800,8526,16326
7020,3768,10788
3407,6497,9904
4791,4293,9084
3846,8842,12688
7508,4311,11819
1126,6606,7732
8694,4319,13013
9673,6431,16104
5378,8169,13547
3121,4135,7256
7490,7140,14630
1238,2420,3658
1340,8520,9860
5987,5075,11062
6412,9924,16336
4478,9353,13831
8670,3495,12165
8862,9052,17914
9323,2857,12180
9863,1504,11367
8467,3156,11623
9484,5923,15407
6554,6738,13292
3795,7900,11695
3160,8333,11493
8671,7221,15892
9910,4267,14177
5497,7976,13473
9255,3699,12954
6544,1372,7916
5027,9497,14524
3514,1931,5445
8471,2990,11461
4656,7790,12446
9553,6383,15936
1715,9734,11449
2547,8992,11539
1651,2050,3701
5742,6044,11786
6056,9994,16050
8261,2680,10941
4522,3057,7579
3721,5821,9542
3563,1202,4765
1941,1588,3529
9762,9387,19149
9609,2642,12251
2365,8556,10921
1008,1531,2539
2035,2617,4652
7722,4716,12438
7075,2076,9151
8603,5015,13618
8129,3962,12091
5840,1912,7752
5149,5070,10219
6699,6922,13621
9535,6280,15815
9894,2898,12792
7555,9390,16945
4232,3822,8054
5484,9665,15149
6500,2654,9154
1591,2848,4439
6191,4041,10232
1167,5379,6546
8661,7967,16628
8283,5010,13293
5986,4848,10834
3181,1832,5013
2021,4492,6513
1288,8816,10104
2076,2371,4447
2074,5934,8008
1039,5274,6313
1182,6496,7678
9688,9788,19476
3508,9876,13384
9072,1318,10390
3403,1728,5131
2287,5001,7288
6606,9752,16358
2375,1024,3399
2154,2459,4613
6107,5706,11813
3156,6979,10135
8943,7042,15985
9911,8486,18397
2105,4769,6874
3479,5731,9210
4172,9185,13357
8068,7557,15625
4330,7022,11352
3058,6690,9748
6771,2870,9641
4621,4991,9612
9316,9503,18819
1774,9885,11659
6278,2376,8654
6939,3846,10785
7817,8430,16247
2716,7780,10496
4331,2378,6709
5584,8381,13965
5275,6538,11813
8310,1231,9541
6422,5426,11848
1247,5378,6625
4741,1062,5803
5223,2551,7774
7306,4005,11311
4322,8997,13319
9486,1882,11368
1393,3739,5132
5167,5413,10580
5690,5474,11164
5231,3777,9008
2401,9086,11487
1905,1529,3434
9011,8078,17089
5618,4721,10339
9578,3621,13199
7726,1572,9298
1643,5071,6714
9071,8013,17084
6605,6682,13287
1554,4393,5947
5568,4459,10027
2121,6530,8651
6109,1055,7164
9849,9451,19300
5736,3609,9345
4909,1403,6312
1794,2561,4355
8423,7795,16218
6492,5999,12491
7198,6197,13395
4562,2694,7256
1855,5755,7610
4621,5206,9827
2038,5596,7634
5513,5370,10883
8661,6316,14977
4447,6850,11297
8230,4432,12662
8116,6229,14345
3241,8818,12059
7998,5894,13892
7444,4015,11459
7815,5864,13679
5234,5956,11190
3339,9526,12865
7842,2858,10700
2207,1924,4131
3945,6381,10326
6429,5439,11868
8591,6892,15483
6945,8691,15636
5027,5295,10322
8479,5661,14140
3398,1027,4425
2898,8300,11198
3427,2625,6052
3036,4355,7391
8046,4720,12766
5902,6236,12138
9280,9313,18593
5961,1032,6993
5698,9887,15585
4841,9716,14557
6444,7177,13621
9438,4926,14364
3959,3227,7186
2393,3023,5416
7064,8562,15626
7639,3478,11117
8374,8929,17303
5459,7453,12912
9418,2266,11684
3057,8996,12053
3941,1156,5097
7998,1760,9758
9965,7407,17372
7731,1957,9688
1253,8885,10138
2569,8493,11062
8505,7883,16388
6006,9999,16005
6768,5916,12684
8541,7707,16248
4200,7557,11757
8547,6088,14635
1000,1166,2166
3063,9303,12366
2125,3641,5766
2429,7101,9530
2634,9862,12496
4111,2690,6801
8715,7640,16355
4957,1280,6237
5446,3808,9254
6402,2964,9366
1822,3061,4883
6175,4865,11040
5294,1077,6371
3159,4187,7346
8135,1789,9924
2563,2322,4885
7673,2502,10175
8116,2659,10775
4062,9316,13378
4062,9710,13772
3070,5257,8327
3553,2044,5597
6957,5578,12535
6621,2966,9587
5969,3250,9219
9333,3014,12347
5624,4608,10232
7719,4925,12644
6868,1804,8672
2334,1667,4001
1384,4254,5638
4440,3748,8188
1012,8726,9738
6403,8454,14857
7151,7230,14381
1100,5978,7078
7534,5704,13238
1449,4167,5616
6380,9312,15692
4856,2075,6931
5413,1701,7114
4348,9185,13533
7836,9212,17048
6834,3249,10083
4222,5991,10213
9118,3551,12669
9257,9102,18359
9663,3214,12877
9534,1717,11251
3460,4255,7715
6790,6334,13124
7830,8754,16584
7940,4632,12572
1014,9208,10222
2949,9272,12221
7799,7579,15378
4079,9127,13206
9971,2824,12795
7329,4864,12193
3513,7710,11223
9516,4490,14006
9868,7125,16993
9079,5888,14967
3704,7260,10964
5597,3904,9501
2123,7935,10058
5316,3270,8586
3724,9121,12845
8671,3258,11929
4862,4646,9508
8025,2271,10296
9989,4463,14452
9608,5941,15549
1897,9244,11141
1605,4677,6282
5547,9652,15199
1774,6256,8030
6491,5030,11521
6156,6773,12929
8175,4518,12693
7775,8606,16381
6378,7673,14051
7444,9676,17120
4727,4996,9723
7381,7812,15193
2989,5345,8334
9174,3714,12888
8046,5186,13232
1338,6968,8306
8684,7721,16405
9361,7505,16866
7387,9010,16397
7476,4012,11488
8484,3610,12094
3473,6255,9728
3688,5804,9492
2290,9298,11588
3607,9078,12685
2688,7511,10199
9197,9714,18911
7672,4343,12015
1065,4410,5475
3981,6588,10569
3815,6096,9911
3017,7673,10690
2742,6720,9462
4509,7386,11895
4534,6136,10670
6585,9554,16139
8158,2634,10792
1524,5926,7450
2722,9611,12333
7929,7157,15086
4864,2067,6931
7438,2419,9857
8271,5002,13273
1629,2834,4463
6318,6000,12318
5131,7729,12860
3353,4055,7408
9203,4157,13360
7082,6863,13945
1956,4858,6814
5808,7138,12946
9432,8884,18316
8041,2955,10996
5991,5065,11056
3803,2024,5827
9792,3329,13121
3698,5694,9392
4026,8847,12873
2011,8043,10054
6624,2700,9324
1218,9078,10296
9918,8152,18070
6826,6585,13411
9058,1811,10869
6456,8677,15133
5909,5709,11618
5521,5037,10558
9011,1431,10442
9175,7548,16723
3539,1390,4929
1082,2002,3084
9672,9968,19640
8396,4256,12652
4244,7007,11251
1522,2694,4216
3252,5837,9089
8326,9469,17795
1147,9148,10295
4620,4709,9329
5337,6094,11431
8472,4363,12835
4023,2817,6840
1683,6507,8190
7731,9808,17539
3910,3017,6927
5223,3184,8407
2357,7691,10048
7531,5666,13197
8397,3468,11865
8291,8255,16546
4920,5236,10156
2939,4856,7795
1050,8130,9180
2360,7805,10165
9557,7030,16587
4045,1257,5302
1044,9460,10504
2334,1671,4005
8000,4638,12638
7085,1234,8319
7834,4207,12041
6564,3400,9964
6089,8551,14640
6005,8490,14495
8740,9631,18371
6182,1650,7832
1033,4032,5065
8644,2110,10754
9653,9513,19166
5510,2874,8384
4039,2256,6295
4240,5263,9503
6269,8717,14986
2409,2832,5241
3024,6736,9760
5993,8634,14627
5957,4213,10170
7208,7453,14661
3753,8328,12081
1305,2384,3689
4367,2574,6941
1872,9360,11232
6578,2030,8608
8764,7731,16495
7905,5442,13347
4667,2276,6943
7553,1542,9095
9546,5808,15354
8731,1583,10314
1510,7676,9186
7671,8695,16366
4473,2198,6671
4995,5535,10530
6871,4303,11174
3447,8739,12186
7844,2290,10134
6834,8549,15383
7687,9693,17380
8428,1386,9814
9603,3006,12609
6213,3147,9360
4868,7037,11905
7637,1352,8989
5964,4188,10152
2302,8749,11051
1846,8521,10367
9717,3524,13241
2878,5105,7983
4630,8670,13300
7667,3819,11486
6979,9077,16056
3489,6688,10177
4264,7023,11287
3293,1674,4967
7257,2011,9268
9985,1232,11217
4027,4609,8636
3173,4384,7557
3328,1797,5125
8121,4684,12805
5487,8690,14177
3589,5701,9290
9700,8667,18367
7414,2463,9877
4110,2047,6157
5871,6289,12160
5435,9360,14795
2561,8859,11420
7805,8812,16617
7286,8843,16129
1574,5016,6590
8227,5024,13251
9722,1990,11712
3120,5964,9084
3441,6877,10318
3520,5408,8928
1951,1964,3915
3134,5454,8588
9886,3244,13130
3803,4911,8714
2408,6237,8645
5593,9051,14644
9653,8663,18316
8113,9142,17255
7377,9608,16985
6601,2388,8989
7296,5367,12663
4978,5490,10468
1852,7377,9229
7501,9114,16615
9428,2056,11484
3260,1908,5168
1449,1568,3017
4498,6870,11368
2308,1717,4025
4345,8214,12559
8682,3718,12400
2455,8297,10752
8035,5230,13265
1531,3267,4798
1332,6249,7581
8199,6721,14920
9012,8928,17940
7500,1400,8900
8039,4991,13030
2057,8933,10990
3993,9233,13226
1026,4533,5559
3618,7639,11257
7629,8627,16256
8042,9902,17944
3018,5878,8896
3898,7075,10973
3047,6202,9249
2558,2722,5280
5052,2651,7703
6222,2778,9000
1683,3010,4693
3582,9505,13087
8443,6492,14935
1443,2671,4114
4266,8425,12691
6909,8014,14923
6479,8819,15298
6141,1715,7856
1891,4807,6698
1500,3640,5140
9894,3333,13227
3194,7937,11131
9575,2591,12166
6059,5398,11457
5440,2783,8223
6385,5117,11502
7982,3583,11565
9454,3430,12884
6669,8060,14729
9583,3936,13519
9731,7709,17440
5323,7616,12939
3419,2399,5818
3084,8804,11888
7987,6156,14143
6309,2535,8844
5753,9281,15034
8048,5190,13238
2654,8553,11207
8452,9557,18009
4960,7834,12794
6091,1518,7609
4710,1829,6539
7627,9462,17089
8988,3986,12974
7775,7690,15465
5814,9796,15610
1176,9828,11004
7170,3623,10793
3778,4752,8530
9852,5365,15217
5340,5755,11095
9276,4670,13946
4521,2875,7396
4958,3136,8094
1506,9599,11105
6390,9715,16105
6613,7750,14363
4050,8092,12142
3397,8912,12309
9519,2309,11828
8202,8700,16902
5718,6950,12668
1755,1145,2900
6116,4574,10690
5923,2858,8781
5722,4598,10320
1629,4518,6147
7558,5352,12910
8429,6555,14984
8997,1107,10104
6498,5255,11753
5195,9456,14651
4821,1676,6497
6178,6566,12744
4969,6420,11389
1607,6674,8281
6888,6332,13220
8356,7786,16142
3394,9070,12464
6149,7289,13438
3021,8784,11805
5598,4015,9613
6310,3048,9358
6969,1893,8862
7087,3933,11020
3281,9264,12545
2380,1483,3863
4779,7101,11880
5954,6953,12907
7280,1778,9058
4475,5723,10198
7886,7713,15599
9601,2059,11660
7373,8394,15767
3309,2600,5909
3233,8353,11586
1351,7469,8820
9656,4166,13822
6253,3209,9462
9747,1299,11046
4866,9547,14413
1563,5888,7451
2190,4210,6400
7378,9447,16825
3418,3563,6981
3951,8383,12334
1269,7619,8888
6647,9255,15902
5555,2042,7597
6444,6003,12447
5188,4088,9276
2646,1487,4133
4081,2747,6828
9940,1527,11467
2167,5610,7777
5472,8661,14133
6804,1483,8287
1451,5069,6520
6655,8207,14862
5397,6671,12068
4133,2773,6906
6622,8412,15034
3065,9589,12654
7332,8913,16245
2946,4415,7361
2394,3421,5815
4919,8345,13264
4083,9030,13113
9120,2844,11964
2804,3503,6307
2893,2666,5559
5344,7591,12935
4065,6075,10140
4075,2259,6334
3220,6441,9661
9978,5935,15913
3447,4129,7576
2898,8697,11595
7691,5503,13194
4949,9010,13959
8439,1016,9455
8959,7241,16200
8906,4022,12928
2266,1478,3744
5296,4977,10273
7068,5274,12342
7413,8791,16204
1485,5673,7158
1337,7900,9237
3003,2471,5474
7727,3042,10769
2519,7489,10008
9893,5388,15281
8856,2605,11461
6664,7939,14603
6117,6379,12496
3124,5991,9115
7794,2446,10240
4306,3372,7678
1150,2659,3809
7139,8199,15338
3319,3883,7202
8803,2515,11318
1589,1587,3176
3619,6487,10106
7223,5353,12576
3605,3538,7143
9757,2756,12513
2360,3373,5733
2195,3131,5326
9009,6643,15652
4410,3367,7777
4343,8281,12624
4097,2333,6430
8165,4336,12501
9157,4084,13241
4387,5713,10100
8805,6101,14906
3431,2016,5447
1641,5062,6703
9507,1440,10947
2138,6243,8381
3303,6950,10253
8046,7606,15652
4421,3078,7499
7103,5150,12253
3200,5551,8751
7429,9227,16656
2946,4956,7902
3225,8715,11940
4325,9699,14024
4745,9160,13905
5814,9651,15465
7103,2405,9508
7090,8287,15377
3036,7034,10070
3677,7144,10821
2744,2177,4921
1761,5778,7539
7458,6623,14081
5714,4726,10440
2933,4561,7494
8179,5444,13623
3964,8224,12188
9781,4101,13882
4897,4678,9575
2843,2938,5781
9444,8866,18310
8083,6372,14455
2466,1735,4201
1339,2376,3715
5719,1704,7423
4724,9189,13913
5418,6259,11677
1552,4491,6043
1789,2173,3962
1552,4422,5974
5211,9823,15034
1269,1860,3129
1290,6870,8160
1629,8007,9636
6943,1474,8417
5632,5080,10712
2760,5708,8468
7920,4398,12318
4561,4844,9405
4804,2508,7312
5110,5853,10963
7831,9195,17026
4447,6584,11031
4791,6081,10872
1833,6335,8168
6487,7260,13747
3175,5173,8348
3788,8460,12248
9533,7721,17254
5191,8312,13503
9187,5616,14803
1995,1356,3351
9377,2693,12070
3590,8921,12511
2691,3057,5748
3904,5451,9355
7937,3380,11317
9208,9515,18723
3070,1930,5000
2444,9594,12038
4402,5552,9954
2521,4098,6619
9120,8355,17475
3187,3568,6755
9283,5947,15230
5940,5762,11702
2753,6054,8807
5892,6781,12673
1087,2641,3728
3962,6413,10375
8420,9742,18162
7910,6173,14083
6229,9815,16044
4757,5796,10553
4292,4832,9124
3611,9353,12964
9228,7766,16994
8537,6296,14833
4346,5054,9400
5200,9527,14727
2560,8522,11082
5164,7720,12884
9853,6439,16292
5852,7595,13447
7713,4183,11896
9032,3409,12441
5298,3534,8832
6599,1003,7602
1026,6161,7187
1964,7207,9171
4096,1071,5167
6601,3947,10548
7238,5490,12728
3411,9308,12719
3924,3837,7761
1576,9963,11539
8907,9391,18298
2755,9371,12126
3405,7883,11288
9163,7139,16302
3988,6784,10772
2119,3214,5333
9000,9065,18065
3901,2085,5986
1173,4532,5705
2238,5834,8072
4813,8084,12897
9012,2973,11985
4782,3244,8026
9604,8221,17825
8814,2382,11196
2123,6181,8304
5012,3243,8255
3589,2129,5718
9836,7299,17135
5501,8039,13540
3773,3785,7558
7940,2706,10646
3601,9566,13167
2612,1454,4066
5297,2475,7772
9915,2391,12306
9453,9008,18461
9734,9742,19476
6425,1637,8062
9356,3805,13161
9812,2223,12035
4342,9242,13584
1488,6142,7630
9856,2246,12102
7061,3710,10771
5361,4952,10313
1880,1434,3314
7124,9104,16228
6184,2984,9168
3798,8603,12401
2493,3679,6172
2625,4017,6642
2847,4246,7093
2316,2950,5266
1223,3026,4249
2547,4778,7325
7511,6785,14296
8757,4723,13480
2523,2972,5495
5604,1616,7220
5515,6191,11706
6774,3621,10395
3093,4176,7269
8484,4570,13054
2066,3146,5212
1705,3358,5063
4534,4812,9346
4768,6978,11746
3319,9163,12482
6221,1209,7430
5834,3807,9641
4962,3390,8352
6519,5794,12313
3444,9332,12776
9483,3864,13347
5177,3607,8784
4936,3917,8853
3218,2797,6015
9771,3573,13344
3589,4283,7872
2461,5417,7878
1713,3423,5136
8220,2890,11110
4567,6375,10942
3147,2806,5953
5051,9751,14802
9820,4762,14582
9240,7910,17150
7173,3132,10305
7932,2525,10457
1328,3657,4985
9779,6972,16751
6368,6971,13339
4205,7833,12038
7141,8532,15673
8907,2598,11505
4851,8582,13433
8823,5607,14430
6507,6934,13441
6568,5659,12227
5398,7242,12640
7611,7712,15323
3023,7176,10199
5507,4185,9692
8723,1195,9918
2106,3789,5895
9730,5784,15514
1718,8076,9794
4995,1305,6300
6430,9579,16009
9916,9186,19102
3596,3435,7031
9370,2903,12273
4383,5175,9558
8181,5542,13723
6491,9287,15778
2283,1247,3530
7642,1981,9623
5363,2565,7928
3141,1735,4876
1448,8534,9982
2835,5715,8550
1613,7234,8847
6628,1876,8504
1671,2630,4301
8439,1360,9799
8373,4901,13274
1797,2783,4580
8051,1066,9117
6677,3090,9767
7070,6932,14002
9425,2055,11480
7256,4347,11603
5101,8507,13608
9685,4179,13864
7214,2363,9577
8267,2056,10323
1142,5831,6973
8799,3264,12063
2924,3481,6405
7977,8896,16873
4125,8050,12175
7011,5150,12161
8004,2220,10224
5661,5866,11527
2797,6974,9771
3871,9705,13576
2617,8005,10622
7071,5612,12683
4757,3032,7789
9896,5953,15849
5314,5663,10977
8051,6632,14683
6496,1892,8388
1971,1102,3073
7051,6145,13196
4246,6854,11100
4712,4417,9129
7445,6417,13862
5151,7517,12668
4659,8506,13165
5552,6673,12225
3157,1581,4738
1795,2883,4678
7044,6220,13264
1572,2206,3778
4080,3460,7540
5005,5925,10930
3613,2715,6328
6245,2569,8814
1676,3513,5189
9992,4052,14044
3031,2508,5539
5329,1912,7241
6243,6322,12565
2055,8630,10685
8107,6670,14777
2750,8575,11325
7387,4012,11399
4428,7463,11891
6138,9548,15686
7260,6255,13515
5391,8547,13938
8322,6224,14546
8951,2989,11940
9720,3604,13324
3407,1063,4470
3812,5027,8839
1101,4135,5236
2180,6509,8689
8530,3728,12258
8631,9590,18221
1404,3873,5277
4268,3694,7962
3467,5315,8782
2921,4959,7880
7840,5848,13688
8623,4368,12991
8872,1679,10551
8506,1747,10253
2321,8927,11248
4748,6862,11610
5789,1533,7322
2818,3341,6159
7694,6006,13700
5545,8227,13772
5907,8978,14885
5485,2235,7720
8655,2145,10800
8420,2475,10895
3921,6679,10600
8696,6415,15111
5938,2604,8542
6047,9743,15790
9175,8619,17794
7117,8929,16046
2836,6904,9740
7476,8273,15749
2382,4400,6782
9056,9226,18282
3204,4344,7548
4014,8919,12933
2628,7764,10392
6745,9996,16741
2290,8010,10300
3586,7123,10709
5930,3550,9480
1955,9771,11726
2997,7983,10980
8129,3130,11259
8209,7299,15508
4740,3500,8240
8451,6307,14758
7767,2497,10264
9813,4144,13957
9025,1292,10317
9846,3804,13650
8604,8139,16743
8828,7203,16031
2621,8871,11492
5014,4505,9519
9710,3685,13395
1027,1265,2292
8105,7906,16011
6075,6819,12894
1810,5676,7486
4390,1610,6000
5546,6027,11573
6724,1202,7926
1401,3027,4428
1178,6817,7995
2979,8185,11164
4984,6665,11649
6021,6522,12543
6512,3983,10495
9542,5282,14824
6528,8988,15516
8275,3787,12062
5626,7561,13187
7352,5808,13160
9629,6888,16517
6737,3358,10095
9574,6390,15964
5216,1406,6622
5340,1065,6405
1227,3184,4411
7800,8751,16551
6823,2180,9003
2101,3099,5200
1513,2832,4345
8137,6807,14944
4116,6850,10966
8598,5343,13941
5628,7184,12812
9981,2300,12281
2947,3242,6189
2358,4656,7014
1307,2450,3757
8366,3123,11489
5882,3842,9724
2664,7373,10037
4948,5072,10020
4634,1214,5848
4072,5472,9544
3459,4706,8165
2206,9601,11807
4469,9407,13876
5847,1348,7195
4651,3878,8529
5749,4994,10743
1002,2117,3119
7883,2517,10400
5846,4579,10425
3379,5264,8643
3823,1848,5671
6036,1205,7241
1520,4576,6096
6113,7258,13371
7807,3134,10941
5838,3475,9313
6817,5545,12362
8793,1785,10578
9143,8708,17851
5097,6197,11294
3157,9870,13027
4528,4559,9087
9134,9562,18696
3937,9172,13109
9138,6141,15279
1721,1923,3644
6391,8657,15048
1835,3493,5328
3979,3424,7403
5521,3376,8897
1453,4459,5912
4547,2148,6695
1522,5577,7099
1121,4618,5739
7630,4722,12352
4083,6930,11013
7723,5813,13536
4307,4642,8949
3817,8421,12238
8047,9468,17515
6588,8387,14975
4402,5332,9734
9943,1164,11107
7989,2956,10945
4860,3775,8635
2768,7226,9994
7621,1782,9403
8820,1140,9960
1719,2650,4369
8885,4573,13458
2015,5383,7398
9534,7292,16826
7353,4120,11473
2823,5426,8249
1010,5604,6614
9813,1900,11713
4747,2471,7218
7861,4103,11964
9518,1073,10591
1250,3497,4747
5628,9487,15115
1297,9493,10790
9776,7517,17293
2634,6005,8639
7029,9244,16273
6615,3844,10459
6623,5590,12213
5948,6190,12138
8884,7332,16216
1662,9199,10861
7475,4087,11562
5761,1668,7429
4620,1160,5780
7460,1017,8477
3533,7510,11043
5446,6554,12000
3918,1315,5233
5832,3211,9043
8069,9511,17580
6133,7422,13555
5527,3715,9242
9825,7665,17490
8107,6132,14239
9864,9662,19526
7782,3607,11389
4332,5697,10029
7745,6634,14379
7260,2185,9445
7995,7109,15104
7441,1915,9356
8464,2617,11081
3425,1425,4850
2787,3584,6371
5648,1168,6816
1514,4435,5949
5525,3616,9141
9882,4204,14086
8765,9544,18309
2117,2405,4522
6414,7341,13755
5174,1677,6851
9742,1213,10955
2666,5254,7920
3786,9213,12999
6860,2261,9121
2172,5880,8052
3054,3815,6869
5674,6196,11870
5584,6021,11605
7230,3631,10861
7345,9096,16441
7300,8348,15648
6844,3176,10020
6362,9097,15459
6599,5258,11857
5119,7640,12759
5288,1877,7165
5485,3544,9029
6059,8164,14223
3600,4528,8128
3408,5860,9268
4948,3334,8282
1767,5883,7650
5206,6948,12154
8085,1744,9829
5174,8198,13372
3556,6066,9622
8797,5161,13958
1286,4247,5533
6099,1003,7102
6935,1411,8346
5345,4727,10072
2356,9349,11705
2600,8157,10757
6706,6559,13265
8196,6073,14269
3382,1152,4534
3796,8282,12078
7951,3805,11756
5080,6850,11930
8362,2328,10690
3392,4153,7545
9192,1166,10358
4254,6060,10314
2885,5368,8253
8529,1899,10428
3248,4412,7660
7449,4132,11581
9155,9136,18291
1359,7450,8809
8647,9525,18172
1730,8067,9797
2417,8767,11184
8888,4763,13651
7928,6696,14624
1878,6482,8360
3884,3297,7181
9852,8371,18223
4985,2269,7254
2294,2009,4303
2757,8776,11533
7578,9180,16758
3841,6716,10557
3404,4562,7966
2271,9444,11715
3768,8801,12569
9928,7142,17070
2928,7266,10194
6413,7828,14241
3190,2002,5192
7654,9094,16748
7067,4752,11819
7200,5137,12337
4702,6943,11645
5438,5427,10865
6556,9532,16088
3388,7992,11380
7325,2700,10025
6383,2233,8616
3298,9329,12627
3930,2833,6763
3139,9399,12538
7436,3208,10644
8553,6622,15175
7286,8936,16222
4690,3609,8299
7178,1223,8401
4774,8916,13690
9514,6973,16487
3086,7896,10982
8483,8663,17146
8284,6461,14745
3287,9878,13165
5835,3534,9369
6530,1622,8152
2075,7876,9951
9495,9855,19350
6237,4994,11231
3694,5304,8998
4198,6412,10610
9710,8389,18099
5433,6909,12342
9017,4810,13827
1912,8442,10354
5902,4188,10090
4228,1571,5799
8768,6135,14903
9289,5033,14322
2639,7443,10082
5842,6541,12383
5027,1260,6287
2797,1331,4128
5210,9459,14669
3059,1072,4131
6111,3921,10032
4888,1177,6065
2999,9963,12962
8426,5495,13921
1269,2655,3924
3533,5982,9515
5361,7118,12479
9696,3404,13100
3201,7019,10220
6659,2153,8812
5161,2336,7497
9598,4478,14076
1276,7758,9034
4480,3361,7841
6368,9652,16020
3446,8601,12047
6051,4517,10568
5802,3375,9177
8850,7744,16594
7389,7248,14637
1971,8136,10107
9344,4960,14304
4086,9921,14007
4967,5951,10918
5002,3332,8334
5375,1685,7060
4888,1968,6856
8320,3033,11353
8075,6261,14336
9959,1645,11604
5121,9112,14233
7436,9828,17264
8097,9292,17389
6586,1868,8454
6914,9213,16127
7355,2903,10258
3576,5109,8685
5614,9014,14628
4293,2935,7228
1615,6057,7672
9478,2923,12401
7455,8604,16059
9152,3773,12925
6193,2903,9096
1143,8496,9639
3256,1699,4955
7318,1270,8588
9254,2007,11261
8203,4724,12927
7599,7487,15086
8917,5509,14426
6400,5320,11720
6472,8206,14678
7872,8923,16795
5716,8118,13834
3620,3536,7156
6103,8080,14183
6317,2195,8512
9699,1404,11103
2294,7054,9348
4625,8868,13493
3819,5759,9578
6745,8564,15309
4637,2873,7510
2406,6514,8920
2577,8772,11349
6379,6311,12690
9828,6547,16375
1807,3395,5202
5524,2415,7939
8508,3449,11957
4496,8103,12599
5732,8022,13754
8495,9706,18201
6099,8332,14431
4294,3908,8202
6416,9532,15948
6670,3468,10138
3428,4688,8116
7148,3027,10175
8171,1315,9486
4989,1530,6519
8884,2859,11743
5757,8872,14629
2067,1727,3794
1243,1711,2954
8924,9462,18386
3560,6139,9699
4560,5003,9563
3177,1837,5014
4714,4078,8792
6032,2650,8682
3948,3520,7468
8269,8597,16866
1362,9841,11203
3256,8352,11608
5358,6297,11655
5861,1875,7736
6955,8129,15084
4851,8805,13656
7656,2922,10578
9820,2128,11948
5561,9955,15516
2019,6024,8043
8574,4927,13501
3841,6477,10318
9866,2008,11874
2226,2635,4861
8261,9515,17776
8529,2685,11214
4712,8058,12770
9733,3944,13677
2327,6906,9233
9830,3260,13090
2429,3962,6391
8386,3468,11854
4228,9320,13548
5399,4966,10365
6281,6017,12298
6155,2250,8405
5688,5073,10761
4787,6658,11445
4772,3212,7984
7867,7963,15830
6693,4991,11684
3187,4032,7219
4903,9220,14123
4670,6727,11397
5894,6518,12412
3336,4323,7659
8120,8859,16979
1099,4656,5755
7786,1693,9479
5801,9209,15010
4709,3770,8479
2030,5475,7505
5209,7995,13204
2619,3516,6135
8995,2125,11120
9684,7906,17590
6604,4036,10640
3526,1166,4692
5189,8348,13537
1575,8171,9746
9797,4343,14140
2818,7023,9841
8979,6171,15150
6409,5541,11950
7380,4860,12240
2514,2067,4581
1881,7909,9790
6032,7502,13534
4639,5557,10196
9292,4532,13824
3816,7411,11227
1407,8204,9611
3515,9133,12648
2739,5052,7791
1258,9700,10958
6786,4683,11469
5720,4726,10446
1678,9459,11137
7126,5906,13032
8898,2200,11098
6355,2116,8471
7344,6930,14274
2058,8284,10342
1687,6577,8264
6590,9152,15742
8063,9979,18042
9395,3491,12886
5822,8004,13826
8011,6700,14711
5862,6350,12212
1355,4472,5827
9432,8710,18142
9812,1854,11666
7363,7704,15067
4624,6446,11070
9573,7031,16604
7182,2132,9314
3476,4135,7611
3079,1944,5023
6840,4962,11802
7674,1834,9508
4750,5184,9934
8178,6168,14346
5991,9146,15137
6290,5238,11528
9398,9165,18563
4534,3052,7586
9151,1028,10179
9379,2860,12239
8934,3572,12506
9051,7128,16179
5014,5252,10266
3127,3707,6834
2813,8816,11629
9351,9535,18886
9396,9496,18892
9591,7249,16840
7485,2805,10290
6047,6540,12587
3096,6337,9433
2459,7934,10393
9422,4782,14204
4500,6605,11105
7419,9624,17043
8889,6238,15127
2817,8570,11387
6103,1617,7720
9509,7285,16794
1456,1500,2956
9074,3315,12389
4874,7630,12504
5973,5774,11747
2003,7848,9851
5196,7715,12911
2066,5716,7782
7608,4234,11842
7494,5498,12992
6267,7171,13438
9095,4669,13764
5715,7069,12784
2961,1875,4836
9734,4516,14250
4865,5499,10364
8233,6947,15180
1574,2458,4032
8395,4172,12567
3470,4427,7897
8798,8736,17534
5206,3200,8406
3964,7905,11869
4313,3927,8240
9873,9470,19343
5458,2648,8106
6527,9184,15711
3341,2518,5859
2838,1870,4708
6538,6477,13015
2128,7499,9627
2284,9762,12046
3864,7045,10909
2977,9638,12615
6039,8039,14078
9828,3973,13801
5626,1118,6744
8999,3292,12291
3104,2067,5171
1423,4819,6242
8703,2280,10983
4432,1762,6194
2629,6499,9128
9634,4014,13648
2497,9280,11777
9653,4552,14205
8637,9571,18208
5496,5646,11142
3983,4060,8043
8834,7804,16638
8510,3950,12460
5540,8418,13958
7063,8661,15724
4421,2990,7411
4856,2482,7338
3545,5220,8765
1642,4918,6560
2586,3409,5995
7504,1054,8558
1841,7928,9769
5587,3906,9493
6088,6056,12144
6982,3272,10254
7141,9015,16156
9294,2071,11365
1736,7376,9112
8749,4630,13379
1227,7665,8892
6711,7156,13867
4570,9636,14206
8993,2619,11612
3204,3703,6907
8742,8574,17316
1797,3999,5796
3764,4684,8448
9199,7239,16438
4874,4329,9203
7069,6584,13653
9805,9880,19685
9301,2160,11461
4610,5744,10354
8331,3003,11334
9035,2527,11562
8318,8234,16552
6169,5610,11779
7721,9697,17418
5250,7626,12876
3855,4964,8819
8935,2674,11609
3392,7878,11270
2921,5433,8354
2827,1716,4543
1630,5860,7490
9276,4768,14044
9928,3707,13635
9418,4357,13775
8860,5204,14064
5230,6033,11263
5386,9157,14543
8675,2867,11542
7965,8196,16161
1026,7156,8182
7588,6767,14355
1466,8689,10155
3700,9809,13509
4777,3687,8464
6332,7806,14138
6056,1179,7235
8996,6464,15460
7720,1921,9641
4092,6527,10619
8465,3719,12184
9113,1151,10264
9204,9906,19110
4625,9440,14065
2144,5482,7626
5534,1720,7254
5568,4229,9797
2006,5728,7734
8099,8116,16215
4813,1537,6350
3685,2980,6665
6906,1539,8445
8046,8261,16307
9675,7300,16975
1051,9434,10485
2686,3821,6507
7563,9120,16683
9096,9616,18712
9886,9545,19431
4690,2689,7379
9484,1716,11200
8283,5575,13858
5572,1637,7209
8979,4948,13927
9881,6550,16431
9903,9630,19533
4341,6550,10891
5238,2783,8021
2488,8160,10648
1467,6583,8050
2417,6905,9322
2776,2081,4857
3925,5084,9009
8628,7195,15823
2011,8902,10913
1813,1272,3085
4644,2716,7360
7276,7232,14508
7828,1356,9184
1203,4745,5948
2596,7614,10210
1496,1062,2558
2579,9731,12310
5293,5876,11169
8850,5125,13975
3713,6328,10041
8887,4379,13266
2598,8633,11231
4178,9044,13222
6113,4372,10485
7763,2069,9832
3776,2192,5968
1813,2152,3965
6832,2883,9715
1267,4671,5938
3812,7562,11374
8013,6177,14190
5085,1383,6468
3850,7721,11571
8083,2049,10132
2833,9989,12822
5467,3975,9442
6155,8698,14853
9000,2290,11290
8961,8599,17560
8186,8506,16692
3187,9258,12445
8791,7770,16561
9770,8934,18704
2605,8987,11592
8165,7054,15219
5505,8247,13752
6807,7256,14063
9051,5284,14335
3154,8742,11896
3804,3220,7024
1721,7974,9695
6803,4394,11197
5025,9128,14153
6156,5812,11968
9650,9818,19468
3456,1206,4662
2356,8461,10817
8156,9151,17307
7522,3673,11195
2049,7823,9872
3591,7876,11467
5004,6973,11977
9282,9667,18949
9056,3046,12102
6307,8736,15043
4690,4266,8956
5629,3745,9374
8023,9276,17299
3639,5936,9575
1076,7473,8549
4504,3424,7928
7484,6296,13780
7567,7086,14653
3221,1405,4626
3129,7834,10963
1397,4473,5870
5989,4926,10915
2944,9629,12573
6391,6399,12790
1222,2610,3832
8830,5604,14434
5000,3664,8664
2065,6364,8429
6393,8102,14495
8501,1603,10104
6130,7295,13425
9380,8103,17483
9867,1637,11504
2844,1046,3890
1819,4807,6626
4022,2080,6102
4146,2277,6423
7741,3217,10958
6265,3886,10151
6634,9987,16621
4328,8293,12621
4006,7958,11964
8972,5143,14115
6517,2218,8735
9018,9916,18934
2344,1137,3481
5450,5906,11356
3759,1058,4817
1770,1388,3158
4422,8012,12434
5852,1595,7447
9627,2982,12609
9965,9209,19174
5330,6429,11759
2692,3770,6462
5376,5926,11302
4267,8564,12831
2695,2586,5281
5680,6447,12127
6460,8965,15425
3268,8249,11517
8461,4486,12947
6801,3749,10550
8785,7975,16760
2405,4575,6980
3727,7487,11214
7291,3501,10792
1937,2755,4692
4390,6816,11206
2216,2203,4419
2890,9582,12472
8688,7500,16188
7716,4746,12462
9290,3195,12485
5665,8349,14014
5398,4629,10027
8766,7147,15913
2063,9830,11893
9743,4275,14018
1976,5069,7045
7402,1345,8747
5942,3942,9884
8404,2076,10480
4770,6652,11422
9424,9048,18472
1450,1350,2800
5004,5678,10682
1244,5645,6889
5734,1440,7174
6915,1411,8326
1813,5678,7491
2730,7643,10373
2974,1549,4523
2937,1203,4140
4588,8083,12671
3536,6788,10324
9298,4811,14109
3701,8825,12526
6974,4936,11910
5090,7956,13046
3546,4736,8282
2672,1401,4073
9793,5313,15106
7352,9479,16831
1087,8146,9233
7279,3205,10484
3967,5250,9217
4534,9411,13945
4238,9513,13751
3738,5936,9674
2836,3559,6395
2568,5720,8288
8957,9544,18501
7525,8935,16460
9221,8514,17735
8065,7737,15802
3540,4819,8359
9686,9023,18709
1834,4324,6158
1629,3986,5615
9221,9079,18300
8933,4782,13715
9998,7485,17483
6406,4468,10874
8144,9412,17556
6275,6867,13142
7516,5626,13142
3262,3414,6676
6240,6122,12362
5993,9964,15957
3492,9211,12703
9997,3175,13172
3405,4363,7768
8341,8900,17241
2605,3557,6162
9635,3042,12677
1778,4159,5937
7395,2746,10141
6974,6150,13124
1420,3108,4528
5674,6345,12019
4996,7082,12078
4910,3626,8536
1490,6932,8422
4371,5064,9435
6837,5989,12826
6971,4380,11351
6689,9603,16292
8473,2676,11149
8790,6282,15072
3711,1602,5313
2937,9121,12058
9217,7812,17029
2067,6252,8319
6863,1379,8242
6502,4182,10684
4747,6196,10943
6132,7040,13172
5120,9737,14857
6259,9466,15725
3922,4387,8309
6442,6552,12994
5013,6367,11380
9302,7959,17261
7290,1551,8841
1133,7607,8740
7599,6124,13723
2060,8384,10444
3186,3665,6851
4170,3646,7816
1595,5106,6701
6817,4421,11238
3278,2164,5442
1617,1450,3067
8372,2892,11264
6528,3454,9982
4808,2757,7565
1222,7953,9175
8036,3365,11401
2609,8221,10830
2223,2907,5130
6810,7448,14258
8966,5937,14903
6748,2231,8979
1737,5436,7173
3979,1529,5508
8141,5418,13559
2986,1346,4332
6825,2215,9040
9045,6798,15843
1244,8058,9302
1132,2370,3502
2087,5002,7089
9310,3903,13213
7822,1894,9716
2265,7423,9688
1362,8164,9526
9505,6632,16137
2706,8334,11040
7913,3393,11306
9126,4694,13820
1989,4680,6669
7410,4397,11807
4997,1910,6907
7586,6981,14567
3123,2851,5974
7456,2615,10071
5026,7869,12895
3446,4312,7758
9014,7857,16871
6019,4216,10235
6475,4669,11144
3524,8498,12022
2961,7303,10264
5625,9292,14917
4448,4244,8692
7047,5674,12721
2214,8606,10820
4626,9981,14607
8875,7268,16143
7812,6479,14291
9694,1172,10866
1886,7263,9149
5368,8056,13424
5953,1260,7213
4352,2352,6704
6243,4006,10249
1822,1531,3353
3820,1166,4986
5926,2055,7981
2254,5286,7540
9009,5007,14016
8758,8889,17647
5744,9297,15041
5287,2002,7289
1084,3995,5079
6156,8194,14350
6783,6695,13478
1153,7414,8567
7684,3019,10703
1570,8922,10492
9340,7153,16493
3691,8669,12360
6507,5869,12376
6849,6967,13816
4655,7671,12326
6669,3492,10161
7512,9774,17286
5350,7599,12949
5656,9511,15167
5315,5794,11109
2437,1031,3468
1714,8955,10669
1408,8346,9754
9038,8740,17778
8664,6031,14695
2127,6436,8563
9898,1782,11680
6300,3179,9479
7806,2178,9984
3406,3807,7213
3764,3724,7488
3535,9404,12939
5861,7300,13161
8856,4146,13002
7578,2201,9779
3889,1644,5533
6951,5222,12173
5320,4088,9408
9688,9664,19352
4382,8925,13307
2160,5312,7472
9387,3248,12635
5461,3766,9227
2551,3447,5998
6644,5309,11953
8496,9310,17806
4496,2716,7212
5937,3914,9851
2672,2455,5127
7545,8026,15571
4978,3471,8449
9309,1367,10676
4176,4374,8550
7773,4812,12585
7291,6985,14276
3197,5911,9108
1900,1192,3092
3770,6180,9950
1950,7679,9629
4606,6038,10644
1257,2221,3478
1650,3425,5075
4159,1397,5556
6301,6402,12703
8700,1560,10260
9381,9396,18777
6099,4371,10470
4041,7844,11885
6398,1712,8110
4456,7947,12403
5406,8649,14055
4877,4522,9399
6651,5112,11763
5565,5906,11471
6423,9746,16169
5977,3678,9655
9775,5941,15716
8329,1841,10170
5038,2804,7842
9921,5349,15270
5946,8118,14064
7657,2572,10229
7240,5966,13206
1256,1127,2383
7867,8854,16721
3205,9513,12718
5379,9067,14446
7277,5324,12601
9310,8081,17391
3371,6016,9387
7302,7382,14684
7539,7452,14991
7392,5796,13188
3441,2017,5458
5501,4047,9548
6794,5250,12044
6947,9385,16332
8391,3446,11837
8123,2399,10522
7295,4687,11982
8864,7127,15991
1552,6543,8095
9921,3560,13481
6108,5266,11374
5945,9985,15930
6684,9316,16000
9366,3551,12917
4848,4456,9304
3758,4755,8513
4642,9119,13761
2660,9229,11889
6586,4576,11162
7458,7125,14583
3923,3708,7631
5171,9422,14593
3750,8476,12226
8931,3804,12735
6444,1841,8285
6575,8510,15085
7405,4534,11939
8857,1607,10464
8394,5618,14012
4960,5257,10217
6612,1201,7813
7559,6131,13690
2364,1751,4115
8545,6344,14889
2205,4887,7092
2330,9622,11952
8519,5683,14202
3274,8523,11797
4365,2263,6628
5236,5299,10535
4733,2665,7398
1860,1844,3704
1136,6747,7883
7494,6786,14280
9760,7200,16960
9325,3061,12386
5378,4730,10108
9318,7122,16440
2795,5313,8108
9187,5840,15027
4726,1259,5985
2241,2843,5084
6777,3280,10057
8796,5567,14363
9572,2255,11827
7462,2658,10120
3648,4371,8019
4429,5860,10289
8620,3932,12552
6086,7649,13735
9119,5983,15102
3521,3702,7223
1018,3569,4587
1783,1414,3197
9555,2103,11658
5891,6309,12200
2171,9634,11805
7408,5745,13153
5561,9172,14733
7636,3589,11225
6722,1722,8444
1841,3347,5188
1645,9215,10860
4272,1006,5278
4701,6630,11331
3556,3954,7510
8387,7788,16175
5661,4801,10462
6633,8413,15046
2163,2281,4444
9187,1302,10489
9947,5259,15206
6763,9180,15943
8575,6978,15553
7090,9154,16244
9183,6680,15863
7511,4362,11873
3012,2100,5112
6104,6615,12719
5502,8623,14125
5587,7037,12624
2155,1996,4151
6209,3545,9754
4700,7765,12465
5984,1353,7337
3318,9930,13248
3519,6427,9946
5603,9246,14849
3084,1899,4983
9715,1462,11177
2501,1715,4216
6330,8174,14504
4611,1211,5822
8356,1753,10109
4750,4222,8972
1435,9970,11405
5929,2960,8889
5272,6813,12085
2724,9377,12101
2494,2979,5473
6428,5053,11481
9437,8160,17597
9575,8209,17784
1284,6083,7367
4994,9491,14485
1900,2459,4359
3921,3533,7454
7579,1805,9384
8595,3228,11823
2921,5972,8893
3387,2996,6383
5825,6282,12107
3503,1104,4607
7862,9630,17492
2521,2351,4872
3698,4612,8310
1508,6310,7818
7190,2274,9464
3822,1063,4885
4921,1859,6780
2547,3076,5623
1436,7085,8521
4657,1762,6419
1735,8214,9949
8584,5094,13678
7594,5728,13322
4729,8241,12970
2076,2830,4906
1673,1548,3221
1895,3569,5464
1913,2176,4089
8273,7696,15969
5865,5306,11171
4273,7576,11849
2522,7425,9947
8477,3802,12279
4122,3456,7578
2649,3320,5969
2143,9237,11380
4314,5406,9720
3609,8591,12200
4119,2400,6519
9199,4597,13796
6489,4511,11000
4828,1565,6393
8651,3771,12422
7777,1113,8890
1531,4410,5941
6839,9224,16063
9324,2726,12050
6070,9217,15287
3648,3065,6713
1933,2050,3983
7030,8116,15146
6043,9929,15972
7467,4602,12069
7878,1792,9670
6963,2385,9348
2060,8923,10983
5138,2149,7287
8693,8492,17185
7327,4353,11680
6969,5628,12597
4448,6327,10775
6049,1068,7117
4508,1300,5808
7797,3600,11397
3153,5905,9058
5018,4082,9100
8074,2239,10313
1459,8982,10441
3626,4763,8389
8020,3801,11821
1463,1997,3460
6641,7384,14025
2678,1864,4542
8736,3697,12433
3926,8542,12468
5429,8410,13839
8218,8025,16243
3397,3221,6618
6814,7504,14318
8522,6785,15307
7219,4998,12217
3803,5547,9350
7510,4661,12171
1051,7058,8109
4515,4330,8845
8491,2674,11165
7028,2361,9389
9978,1555,11533
8792,3112,11904
3210,2701,5911
3712,7463,11175
3316,7469,10785
2610,5352,7962
7343,5705,13048
6491,9355,15846
5710,3025,8735
1105,5459,6564
4092,1698,5790
9938,7071,17009
6739,4491,11230
4297,3977,8274
1208,4316,5524
6407,8233,14640
2891,4506,7397
3039,4289,7328
7645,5761,13406
2617,9186,11803
1434,2646,4080
7667,6258,13925
8190,2440,10630
7095,7875,14970
5443,5860,11303
8713,1380,10093
8173,2637,10810
8543,1524,10067
4107,9142,13249
2093,1104,3197
2739,4126,6865
2676,8904,11580
9027,5916,14943
3934,6156,10090
2042,2845,4887
4501,2541,7042
1466,3944,5410
5294,2591,7885
5072,4572,9644
6978,1293,8271
6858,2338,9196
6209,4475,10684
3498,6728,10226
8317,3493,11810
4088,7281,11369
7795,6627,14422
4990,4751,9741
8241,3097,11338
4174,1387,5561
1298,5434,6732
5061,1473,6534
6057,6289,12346
5108,9640,14748
3221,6251,9472
4611,3642,8253
2920,8075,10995
6994,3316,10310
2274,5983,8257
8834,4618,13452
1259,4206,5465
6178,6358,12536
5507,7458,12965
8541,4508,13049
8305,5994,14299
9423,7754,17177
9921,6516,16437
6868,6799,13667
3929,9509,13438
2530,8913,11443
1715,8527,10242
4312,8223,12535
6192,8027,14219
1201,3140,4341
4671,9610,14281
8370,3598,11968
9817,2944,12761
3929,4383,8312
4540,1393,5933
8010,7777,15787
9823,1321,11144
5669,2693,8362
2063,8921,10984
4111,4261,8372
4086,4811,8897
4351,8080,12431
5143,7332,12475
7447,8863,16310
4176,3416,7592
8668,9651,18319
3311,2229,5540
2530,3797,6327
2363,5502,7865
1452,4904,6356
6996,1577,8573
4919,8317,13236
4264,2931,7195
5242,9181,14423
1182,9427,10609
1637,4005,5642
4472,1524,5996
6659,3370,10029
2635,5432,8067
8467,5214,13681
1579,8850,10429
4941,9387,14328
9524,4091,13615
5718,9849,15567
9895,6552,16447
5978,2252,8230
9715,3422,13137
9227,9967,19194
1027,8539,9566
1085,7909,8994
5281,5653,10934
9033,8664,17697
6066,1256,7322
2447,6700,9147
5599,4343,9942
1693,9674,11367
4665,3674,8339
1350,9840,11190
8044,9419,17463
3063,6929,9992
9616,8413,18029
2821,5889,8710
2585,5659,8244
3280,4749,8029
3538,1443,4981
3067,9302,12369
3534,1088,4622
4390,6237,10627
7577,2941,10518
4310,9263,13573
1821,9072,10893
1815,9595,11410
2698,8362,11060
6691,6729,13420
2953,5963,8916
6986,8752,15738
5991,4801,10792
9447,2931,12378
2111,1872,3983
8954,5587,14541
7479,2561,10040
6526,5457,11983
6560,8881,15441
8715,3684,12399
1746,6243,7989
7826,5085,12911
7117,2006,9123
9129,5310,14439
3876,3026,6902
6556,5107,11663
6241,6669,12910
6399,9933,16332
4008,8495,12503
4662,6420,11082
3911,7897,11808
6485,6838,13323
1773,3144,4917
6980,7397,14377
9141,4237,13378
9195,6582,15777
7288,9356,16644
2897,6433,9330
3567,9130,12697
6717,7752,14469
3559,5637,9196
1612,8746,10358
2884,5024,7908
4134,2622,6756
4282,3610,7892
4069,7486,11555
2255,3660,5915
5452,8102,13554
5176,4686,9862
6237,8661,14898
1790,9416,11206
4034,1225,5259
6348,7466,13814
4179,5223,9402
8520,5066,13586
5362,6023,11385
5309,1246,6555
6737,2618,9355
9612,6160,15772
2371,8728,11099
5238,3612,8850
3080,6919,9999
5324,8797,14121
3735,7083,10818
8352,4058,12410
6334,2153,8487
5940,4079,10019
1402,3975,5377
8536,6919,15455
7760,1980,9740
7680,3384,11064
9990,2366,12356
3938,2262,6200
8659,7187,15846
9495,3316,12811
8909,1921,10830
8114,7574,15688
9612,6529,16141
4809,2166,6975
9731,7268,16999
6331,6029,12360
2460,5687,8147
6357,5739,12096
1327,6238,7565
9543,6132,15675
5732,4908,10640
6291,9425,15716
4122,5876,9998
3728,8995,12723
2823,4500,7323
5073,2230,7303
5395,7051,12446
2476,3023,5499
3596,8840,12436
8121,3430,11551
8954,7943,16897
1533,2256,3789
2657,2752,5409
7713,3978,11691
5332,4653,9985
4013,9892,13905
8652,8100,16752
5866,2764,8630
2122,4830,6952
7700,3958,11658
2540,9714,12254
6467,8053,14520
6670,2738,9408
5189,3533,8722
6269,9690,15959
3418,6076,9494
1484,1664,3148
4454,1627,6081
9923,5287,15210
6166,4874,11040
5540,8476,14016
1707,9624,11331
9664,1047,10711
2914,2105,5019
4180,9549,13729
1567,9671,11238
1866,2028,3894
2813,4728,7541
6513,4526,11039
5803,7569,13372
2050,9318,11368
7278,2652,9930
9199,5708,14907
6318,6859,13177
7615,9370,16985
7593,4595,12188
5910,4254,10164
5453,3423,8876
9108,5797,14905
7981,8937,16918
7681,5877,13558
5177,4429,9606
1184,4133,5317
5978,9698,15676
7137,2932,10069
7174,6412,13586
2196,6247,8443
5181,2338,7519
7171,3620,10791
7546,9874,17420
6931,2729,9660
1018,6971,7989
1464,9882,11346
6310,9079,15389
5020,1162,6182
1294,9770,11064
8240,7844,16084
2585,4380,6965
6427,7812,14239
1194,7343,8537
3931,8041,11972
6699,9637,16336
9271,5840,15111
8636,2860,11496
6561,1930,8491
2934,5367,8301
3171,4294,7465
5747,5392,11139
6238,3834,10072
8116,3928,12044
8425,6750,15175
7494,2672,10166
9190,8444,17634
5350,2287,7637
7610,9793,17403
7883,6187,14070
1130,9044,10174
9302,3734,13036
9857,2066,11923
5970,4788,10758
2317,1284,3601
7966,8794,16760
5114,1047,6161
7138,5861,12999
4259,8842,13101
4415,7450,11865
9759,7164,16923
8787,5065,13852
1081,4005,5086
9408,1334,10742
9750,9944,19694
9785,8068,17853
4897,8958,13855
9101,5648,14749
1782,4586,6368
4794,6597,11391
8050,6051,14101
1742,5544,7286
5355,4608,9963
4271,3510,7781
9285,7055,16340
2375,3516,5891
7238,1090,8328
2479,1954,4433
9214,4305,13519
2721,6452,9173
3547,5923,9470
1188,1459,2647
3236,5446,8682
1580,3161,4741
5715,6897,12612
3902,9664,13566
1858,3440,5298
2712,1515,4227
8355,2375,10730
7684,4669,12353
3390,4262,7652
5638,3866,9504
8848,9948,18796
4495,7494,11989
1187,5578,6765
9093,3714,12807
8408,1295,9703
4533,5140,9673
5042,5270,10312
4051,6465,10516
8733,7005,15738
6870,4904,11774
3261,2420,5681
7693,9296,16989
1478,6518,7996
7577,7785,15362
9884,4038,13922
1193,1058,2251
2886,5573,8459
6222,3580,9802
5644,8623,14267
1220,1875,3095
2196,3709,5905
3731,1335,5066
9416,8014,17430
2247,9180,11427
4957,8111,13068
5589,2886,8475
1310,2604,3914
6659,4982,11641
9560,4546,14106
5841,7174,13015
6351,9017,15368
1997,1496,3493
6685,1963,8648
2198,6910,9108
6484,1576,8060
4160,1053,5213
1228,9970,11198
1984,9660,11644
3467,1531,4998
9028,1561,10589
1089,6735,7824
4145,2292,6437
5110,8496,13606
8559,4781,13340
5067,4505,9572
3391,2218,5609
6155,3252,9407
4891,1775,6666
6229,9416,15645
8553,1063,9616
2787,8091,10878
6056,9069,15125
4915,1092,6007
2677,6508,9185
6730,4864,11594
5936,2401,8337
2606,1897,4503
5587,4713,10300
4131,2532,6663
7535,8286,15821
2798,9162,11960
2351,8051,10402
7858,1598,9456
3044,1258,4302
5571,9003,14574
7968,7176,15144
8042,9579,17621
1797,6713,8510
8311,5020,13331
6911,4954,11865
5312,9980,15292
6639,7179,13818
7779,3056,10835
8102,7644,15746
6785,2447,9232
1514,2913,4427
2951,6570,9521
9965,1328,11293
9985,7513,17498
6973,2410,9383
8714,2137,10851
5666,6157,11823
2568,5472,8040
8566,4274,12840
4273,7243,11516
4469,6932,11401
7564,6362,13926
5636,6346,11982
2236,5208,7444
5468,3346,8814
2042,5766,7808
5106,9199,14305
8320,4731,13051
8302,6492,14794
1460,3302,4762
3633,1361,4994
6493,8146,14639
1787,1208,2995
9458,6092,15550
1553,9025,10578
5516,7451,12967
2513,8425,10938
6351,7749,14100
8005,9412,17417
3344,8154,11498
2971,5438,8409
6324,6669,12993
6161,2205,8366
2855,2999,5854
3435,7780,11215
4098,4386,8484
6440,7436,13876
2777,8403,11180
7858,3939,11797
1838,6725,8563
5759,5860,11619
4138,1175,5313
5605,4162,9767
3752,1837,5589
8845,3733,12578
8688,6206,14894
3653,7140,10793
8219,4349,12568
4310,5680,9990
3386,6191,9577
1373,5675,7048
2261,8633,10894
9312,6532,15844
6842,4845,11687
3884,5138,9022
6623,3119,9742
8716,1490,10206
4045,1382,5427
1804,6585,8389
3217,8277,11494
7594,7786,15380
7166,3414,10580
1650,9169,10819
5915,4198,10113
1941,9732,11673
6805,4727,11532
3529,2202,5731
5964,1650,7614
4006,3904,7910
9505,5114,14619
1121,7603,8724
9360,4682,14042
5724,5121,10845
7864,8394,16258
2729,6952,9681
6129,2118,8247
3168,8668,11836
2050,9896,11946
7640,3899,11539
4207,9898,14105
8674,4832,13506
3008,5721,8729
2066,9287,11353
2918,9431,12349
2327,7210,9537
8448,8359,16807
2142,4223,6365
4848,2415,7263
7374,1760,9134
4642,2552,7194
1862,9548,11410
8209,2328,10537
2029,3376,5405
4241,4140,8381
1881,9730,11611
4557,8063,12620
3196,2950,6146
6937,4163,11100
5463,5007,10470
5675,5751,11426
7219,9418,16637
8530,8735,17265
9783,3075,12858
8772,3022,11794
3078,8394,11472
8013,4321,12334
7011,3436,10447
8087,4359,12446
2730,4662,7392
6110,7618,13728
7899,2029,9928
1411,2981,4392
9853,4470,14323
2305,5680,7985
5595,1815,7410
6612,3037,9649
5875,8086,13961
2149,7408,9557
1006,2436,3442
4250,8663,12913
1694,6087,7781
4299,5843,10142
8737,5952,14689
6047,8842,14889
1025,5547,6572
3153,9019,12172
4489,9523,14012
6161,1644,7805
2852,8723,11575
5130,4584,9714
4809,2311,7120
2894,7238,10132
5300,8788,14088
7977,7173,15150
7409,3070,10479
3656,5134,8790
5268,7010,12278
4484,1413,5897
8841,9883,18724
7148,5309,12457
6791,1919,8710
1906,4210,6116
3719,5895,9614
1792,9767,11559
6543,4725,11268
9191,6161,15352
2360,3048,5408
7252,7098,14350
4196,1205,5401
4315,7733,12048
9814,2677,12491
4012,8547,12559
2871,9270,12141
7558,5734,13292
6789,7934,14723
4228,3335,7563
2725,6737,9462
6985,8216,15201
1160,2425,3585
2733,3522,6255
8166,1601,9767
5684,2520,8204
3390,2117,5507
8300,5721,14021
7141,4080,11221
8939,5777,14716
8265,4801,13066
8057,8510,16567
9099,7081,16180
4627,5380,10007
6379,3542,9921
5450,7960,13410
1199,7996,9195
3183,6043,9226
5036,6012,11048
8834,4493,13327
4972,2852,7824
9579,2662,12241
8589,1212,9801
5655,9749,15404
4119,7645,11764
3691,2994,6685
6048,1474,7522
9233,4992,14225
5823,4517,10340
3268,1939,5207
5438,7298,12736
3985,5989,9974
7028,9422,16450
3499,8620,12119
5304,3903,9207
8763,8964,17727
3074,8825,11899
3065,9821,12886
4208,5674,9882
1122,1956,3078
6096,1986,8082
5433,1990,7423
8925,6556,15481
7825,5709,13534
8973,4580,13553
3802,3204,7006
1871,3824,5695
7095,4403,11498
7153,6550,13703
4882,4207,9089
4097,4078,8175
3638,6551,10189
3946,4471,8417
5302,2624,7926
2482,1258,3740
1453,9990,11443
5470,3511,8981
5170,9433,14603
6136,2712,8848
8426,3002,11428
9151,7254,16405
4327,9688,14015
9035,4111,13146
6241,9918,16159
2831,2821,5652
2816,1091,3907
4432,2969,7401
3384,4679,8063
1602,1427,3029
9198,7263,16461
3434,2373,5807
9832,6162,15994
7840,4811,12651
4306,9637,13943
9704,7356,17060
2401,1545,3946
3533,3009,6542
6901,5085,11986
3215,5985,9200
3184,2275,5459
6168,4523,10691
9707,5783,15490
2019,8598,10617
2049,3340,5389
8573,3278,11851
3985,6705,10690
2144,8630,10774
1705,3424,5129
2934,3484,6418
7996,2745,10741
6764,3546,10310
6628,1777,8405
4114,3936,8050
5110,2345,7455
3041,3674,6715
8504,1689,10193
8056,1119,9175
7169,6832,14001
2613,8623,11236
4033,3936,7969
6659,6067,12726
5802,4158,9960
5490,1455,6945
8643,5620,14263
9867,6099,15966
1059,7199,8258
7311,6531,13842
3764,8008,11772
2794,6686,9480
4487,5987,10474
4421,7580,12001
6532,2373,8905
4553,4672,9225
9144,6437,15581
9163,8446,17609
9749,6965,16714
6915,7115,14030
6094,3382,9476
5098,5358,10456
9312,1139,10451
8644,2815,11459
6408,5301,11709
8285,7778,16063
9536,3419,12955
4235,3594,7829
2387,1983,4370
3122,6419,9541
3994,8056,12050
8548,7853,16401
3900,1775,5675
5981,1735,7716
7777,8753,16530
6147,2486,8633
1395,3001,4396
9555,9062,18617
8268,6877,15145
5188,5361,10549
7349,7180,14529
8794,1743,10537
7162,1373,8535
6905,5127,12032
9331,6689,16020
4020,4292,8312
7876,7897,15773
6338,2564,8902
1057,4496,5553
6394,6142,12536
3948,5473,9421
9564,4134,13698
2587,9969,12556
5262,7666,12928
4678,1998,6676
9751,4343,14094
4501,5014,9515
6107,5328,11435
5655,6327,11982
8620,6858,15478
6620,8004,14624
2242,8015,10257
1080,3661,4741
5798,1540,7338
6945,7908,14853
3785,4486,8271
4157,5717,9874
6336,8165,14501
3243,3993,7236
3091,6209,9300
8645,6740,15385
5154,9670,14824
3665,7018,10683
2756,6713,9469
4120,6151,10271
6605,3578,10183
2026,5473,7499
5667,2954,8621
1586,1684,3270
7042,4268,11310
1658,2296,3954
2525,8150,10675
8792,7604,16396
6789,8420,15209
6753,7634,14387
6108,6247,12355
9401,1623,11024
6261,5268,11529
6984,4749,11733
5542,1010,6552
1760,2177,3937
3492,3389,6881
7364,3552,10916
2482,3310,5792
4741,8285,13026
8617,4839,13456
8581,3755,12336
4597,9652,14249
6237,2740,8977
3124,6291,9415
4097,6247,10344
5469,9845,15314
5999,9935,15934
7566,8344,15910
1852,5926,7778
6068,6389,12457
2318,1121,3439
5254,9498,14752
2896,6976,9872
9006,9537,18543
4911,9340,14251
2039,4904,6943
5876,9309,15185
1703,3955,5658
6470,7440,13910
3024,5996,9020
7569,5345,12914
6862,6634,13496
1997,1405,3402
1243,8967,10210
3414,4856,8270
7263,8938,16201
9624,2141,11765
5126,4024,9150
8007,4456,12463
6999,5197,12196
6824,7766,14590
3852,3455,7307
8514,2390,10904
5925,3836,9761
1617,3469,5086
3702,7257,10959
9105,4165,13270
9451,5430,14881
6992,7597,14589
2407,6557,8964
7999,8589,16588
4406,6700,11106
9127,5227,14354
2545,8307,10852
9132,1134,10266
3859,7003,10862
2264,2772,5036
1164,9811,10975
9422,7725,17147
3780,8753,12533
6298,7814,14112
4752,4972,9724
4232,8594,12826
1402,8199,9601
7264,5480,12744
7619,3607,11226
9580,4404,13984
6642,1789,8431
7896,2494,10390
3751,7710,11461
1820,6140,7960
6138,3369,9507
5065,2463,7528
2907,7201,10108
8895,8825,17720
4965,1181,6146
7000,8245,15245
1989,7272,9261
1706,7652,9358
5847,5330,11177
2620,5649,8269
7596,5681,13277
9044,4580,13624
9614,5015,14629
4196,7149,11345
5553,5010,10563
7665,5646,13311
7090,4750,11840
3536,4259,7795
7879,8438,16317
3511,3090,6601
5634,1567,7201
1120,7768,8888
9507,1620,11127
5063,1453,6516
3734,1958,5692
1762,5335,7097
7520,3051,10571
7989,9388,17377
8807,1260,10067
7746,6890,14636
7053,2280,9333
1135,7099,8234
8877,3545,12422
9560,4662,14222
7729,4454,12183
5808,9048,14856
7520,1544,9064
7216,8117,15333
5599,4423,10022
5805,5483,11288
7971,8119,16090
2097,7860,9957
6435,2943,9378
2719,6768,9487
9482,1414,10896
8105,3728,11833
8203,5641,13844
1741,1591,3332
1749,3219,4968
9725,5460,15185
8511,8508,17019
3653,3570,7223
6748,1264,8012
4595,3034,7629
4202,9573,13775
1388,7197,8585
3071,9586,12657
8840,4256,13096
5019,7058,12077
7630,3859,11489
3393,7819,11212
7071,3050,10121
4121,5971,10092
8695,4354,13049
5474,4397,9871
6417,4768,11185
7281,3981,11262
6521,4472,10993
3617,6481,10098
7209,4499,11708
7995,8881,16876
4592,9623,14215
7054,8272,15326
5696,8546,14242
7473,6222,13695
3449,6802,10251
1544,7652,9196
7327,8058,15385
3628,4451,8079
9729,2436,12165
9087,7661,16748
4062,1259,5321
8551,5411,13962
5841,8961,14802
1718,6196,7914
3727,8546,12273
9652,3854,13506
6200,5067,11267
3977,4480,8457
9221,4493,13714
1230,8526,9756
6281,2251,8532
6340,7889,14229
2963,4166,7129
2778,9052,11830
5870,2147,8017
3847,4850,8697
4070,1620,5690
1963,8215,10178
3142,8418,11560
2326,1121,3447
5313,2076,7389
2182,1794,3976
5271,9483,14754
8326,9682,18008
3808,4428,8236
9825,4499,14324
3172,6986,10158
4907,5699,10606
8081,6224,14305
4468,6760,11228
1490,5263,6753
8769,9950,18719
2197,2904,5101
6269,2650,8919
4191,1027,5218
7260,3750,11010
3879,5357,9236
3832,4109,7941
6758,3921,10679
2433,5428,7861
8698,9111,17809
4536,7863,12399
2181,4405,6586
4914,4722,9636
3642,8577,12219
4711,3960,8671
5830,6458,12288
2619,7138,9757
7680,3340,11020
2728,4585,7313
1201,6985,8186
7175,4160,11335
2713,8872,11585
8839,7859,16698
1752,1114,2866
6341,4980,11321
7325,3818,11143
1468,1425,2893
9141,2575,11716
1833,5106,6939
4703,2408,7111
4481,7185,11666
6821,7844,14665
7395,9795,17190
1212,7411,8623
5801,2758,8559
6780,9973,16753
2526,1840,4366
2341,2500,4841
9121,6559,15680
6926,9707,16633
8675,7457,16132
4256,3594,7850
4656,3086,7742
4155,8188,12343
7396,1978,9374
4047,3589,7636
3006,7783,10789
6942,3599,10541
3508,9471,12979
2193,6915,9108
3045,8796,11841
9439,8602,18041
4672,8181,12853
1044,3085,4129
5511,7388,12899
8775,6371,15146
8948,7223,16171
5323,7626,12949
9814,9049,18863
8091,9676,17767
9216,2225,11441
2248,9970,12218
6026,3842,9868
6698,2582,9280
5848,4138,9986
5755,2517,8272
5642,6196,11838
4768,7198,11966
9072,6558,15630
2343,6490,8833
6335,1048,7383
6916,3510,10426
7225,4660,11885
2746,9687,12433
9170,1633,10803
7980,3720,11700
1175,9830,11005
9152,4357,13509
5392,6379,11771
6970,9666,16636
2958,7679,10637
8348,6884,15232
9540,9828,19368
4614,4820,9434
5322,6467,11789
6502,7379,13881
2204,7449,9653
9539,2203,11742
7558,1982,9540
9923,7528,17451
7655,6599,14254
6690,6905,13595
7331,9644,16975
5073,3894,8967
3234,8631,11865
6859,9355,16214
2447,1101,3548
8434,8320,16754
1535,8500,10035
2700,8039,10739
8114,8469,16583
7492,5344,12836
2971,1712,4683
4655,7241,11896
7472,8760,16232
4648,6124,10772
9650,3843,13493
8973,1592,10565
1497,3134,4631
3449,6412,9861
8448,5292,13740
1026,3253,4279
4642,4655,9297
2086,9022,11108
3015,6067,9082
8123,8084,16207
4463,5341,9804
7421,5467,12888
3896,4128,8024
5255,7880,13135
2334,9709,12043
8078,2288,10366
9937,6647,16584
6928,5802,12730
1697,1474,3171
8696,7532,16228
9702,9729,19431
3944,6632,10576
6384,2366,8750
2061,3307,5368
1307,1303,2610
7486,6566,14052
6157,4891,11048
6724,7280,14004
6350,5133,11483
1104,9446,10550
8571,7601,16172
7671,9782,17453
9716,9561,19277
3963,9855,13818
1689,7743,9432
3588,2535,6123
3028,2856,5884
4186,3769,7955
7085,7486,14571
8241,3987,12228
9135,7090,16225
1780,5405,7185
3153,9747,12900
4296,4313,8609
5492,7296,12788
3583,4043,7626
8569,6979,15548
2169,4262,6431
8036,7726,15762
5022,9392,14414
2890,9203,12093
6171,7664,13835
8307,7243,15550
4556,8304,12860
5966,1365,7331
9051,1656,10707
9352,9366,18718
4470,5060,9530
6599,1544,8143
7426,2761,10187
1956,9643,11599
9176,8791,17967
9273,2236,11509
5911,7277,13188
1446,3165,4611
2619,2793,5412
7005,1645,8650
1378,3655,5033
8109,4584,12693
2140,4735,6875
1661,6436,8097
9203,6209,15412
1387,4023,5410
5735,9291,15026
7471,3771,11242
5169,8263,13432
7235,5019,12254
5270,6856,12126
1034,8618,9652
4380,6476,10856
8543,4176,12719
9367,3153,12520
5687,2586,8273
9056,6422,15478
4658,1952,6610
7270,6365,13635
3871,3978,7849
3970,5908,9878
2959,6182,9141
1805,4100,5905
2575,9791,12366
3615,9803,13418
6626,9752,16378
1626,7884,9510
3811,2610,6421
9866,1048,10914
2386,2902,5288
5722,5372,11094
4842,8069,12911
5311,9421,14732
8806,7466,16272
8997,7368,16365
2685,9139,11824
6133,9824,15957
3422,3750,7172
9524,7309,16833
9698,5212,14910
1942,9827,11769
2462,8471,10933
2991,6390,9381
1112,8183,9295
3263,9618,12881
6254,3811,10065
1833,8227,10060
9421,5254,14675
3518,4667,8185
2041,6112,8153
1707,8458,10165
2383,2302,4685
8118,9868,17986
3564,2260,5824
4203,1357,5560
6404,6412,12816
4234,9083,13317
1418,8906,10324
6587,4955,11542
2593,5602,8195
1244,5572,6816
1614,1249,2863
7620,6869,14489
6971,1510,8481
6968,5869,12837
8505,8647,17152
1073,3878,4951
6141,3126,9267
3204,7470,10674
4679,9089,13768
1984,2298,4282
8548,8187,16735
4955,6713,11668
4687,4045,8732
7716,3085,10801
7533,3727,11260
1376,7992,9368
6700,5690,12390
3794,2065,5859
4682,8637,13319
2051,9820,11871
9080,3373,12453
7762,9058,16820
7468,4974,12442
7659,8828,16487
5841,2951,8792
4921,4424,9345
7725,2171,9896
4769,4631,9400
3310,3343,6653
4386,4067,8453
3339,1683,5022
2054,8211,10265
3602,5014,8616
8301,1348,9649
2022,9641,11663
1503,9277,10780
1522,3508,5030
9821,1017,10838
8423,2268,10691
2176,2632,4808
4613,1114,5727
9944,7590,17534
3400,7768,11168
3588,1321,4909
8626,1833,10459
9403,1158,10561
3619,2347,5966
4164,7813,11977
1910,8166,10076
3451,1403,4854
2690,4485,7175
5288,9116,14404
1522,5445,6967
7459,8086,15545
2944,4571,7515
2560,5747,8307
8154,1592,9746
6327,1755,8082
1496,3421,4917
2598,5127,7725
8016,6551,14567
4590,1461,6051
5966,9559,15525
1165,2728,3893
8696,5697,14393
3173,1037,4210
5443,8486,13929
3021,7880,10901
9925,5521,15446
9839,4302,14141
9511,5607,15118
7368,6873,14241
8498,8172,16670
6635,4847,11482
1764,7306,9070
1652,8044,9696
4964,5611,10575
6759,9378,16137
1145,6101,7246
5247,5188,10435
3696,9240,12936
4329,4481,8810
9966,5641,15607
6559,2260,8819
1649,4048,5697
3023,5270,8293
6333,3074,9407
7037,3312,10349
4474,4260,8734
5838,6618,12456
2350,7048,9398
8931,9141,18072
8323,6777,15100
2854,3266,6120
1560,8546,10106
5987,8207,14194
7486,3383,10869
7147,8664,15811
2683,2009,4692
3272,3612,6884
8424,8226,16650
7063,5341,12404
2542,2237,4779
6709,3263,9972
1282,8998,10280
8740,4286,13026
9363,2882,12245
7187,3275,10462
7874,8502,16376
9792,4790,14582
3023,1466,4489
4950,4889,9839
3592,7632,11224
7358,2547,9905
8169,5749,13918
5436,1703,7139
7550,9497,17047
8636,2581,11217
4957,5590,10547
4332,2685,7017
8531,7911,16442
6731,1895,8626
9032,3346,12378
4531,2861,7392
5852,1030,6882
1242,7918,9160
6511,6508,13019
5668,7087,12755
8015,8636,16651
7662,5003,12665
1598,3195,4793
1069,9139,10208
4659,6634,11293
3281,7822,11103
4682,3683,8365
5562,5652,11214
5931,5713,11644
6413,6600,13013
5103,3075,8178
1782,4806,6588
2057,3054,5111
3109,8283,11392
2320,8849,11169
5417,4699,10116
1732,7562,9294
4549,7163,11712
7555,6378,13933
9796,2722,12518
3812,8537,12349
3278,3350,6628
4623,7530,12153
1714,1924,3638
4162,5153,9315
5529,3569,9098
3815,7972,11787
5578,5462,11040
1888,6948,8836
4478,4589,9067
2723,2258,4981
8026,9602,17628
3230,8454,11684
3060,4898,7958
3613,8015,11628
7698,2802,10500
1677,9087,10764
5713,8730,14443
4004,9986,13990
1728,5734,7462
1190,5994,7184
4866,7039,11905
7445,9829,17274
5045,7315,12360
6624,5158,11782
5111,7834,12945
4951,6220,11171
5058,4247,9305
2216,7092,9308
8980,6586,15566
8076,8940,17016
3222,8979,12201
2514,9608,12122
3883,4826,8709
5339,1674,7013
7289,1102,8391
4993,4708,9701
2495,4392,6887
8537,3785,12322
6819,4659,11478
5880,6588,12468
5802,5891,11693
4525,4517,9042
5777,5189,10966
7933,7137,15070
7254,2913,10167
8335,2150,10485
5137,5136,10273
8729,2510,11239
4915,7325,12240
4252,9935,14187
4938,3511,8449
2073,3192,5265
9207,8383,17590
6171,9298,15469
5314,7480,12794
3857,5349,9206
2428,7723,10151
7779,8856,16635
8300,7645,15945
8670,3921,12591
9166,8244,17410
1878,9502,11380
2321,5375,7696
9886,6005,15891
9462,6636,16098
6220,4027,10247
4124,2753,6877
9186,6099,15285
5335,4285,9620
9552,9925,19477
1851,1859,3710
2350,5918,8268
6730,1326,8056
3120,1993,5113
6375,2766,9141
2964,7601,10565
3781,8019,11800
3905,9290,13195
1243,5037,6280
8938,6494,15432
3709,8701,12410
8795,8088,16883
2047,5378,7425
7544,7711,15255
8221,9613,17834
7992,9062,17054
4801,6362,11163
6473,5570,12043
3452,3083,6535
6163,5833,11996
7801,4340,12141
4844,1639,6483
9096,9151,18247
9377,6400,15777
2318,9719,12037
4259,4483,8742
4019,5779,9798
9766,2324,12090
5404,6937,12341
2434,9729,12163
8554,5953,14507
9384,9666,19050
5269,8378,13647
3437,5552,8989
2354,4400,6754
8196,4754,12950
7265,1158,8423
7741,2837,10578
5611,2025,7636
8812,8246,17058
1658,1677,3335
5046,4821,9867
3375,1275,4650
7859,2588,10447
5581,1245,6826
7670,9192,16862
3184,4251,7435
6863,4051,10914
4771,9889,14660
3419,8396,11815
3628,8309,11937
1685,3756,5441
6023,5835,11858
2972,1710,4682
9516,6085,15601
6646,5893,12539
3594,2092,5686
3955,9403,13358
5143,9770,14913
8644,3997,12641
6208,3979,10187
4605,1421,6026
1610,9637,11247
1130,3647,4777
7673,4729,12402
5431,2024,7455
8039,1537,9576
5591,4083,9674
1507,4924,6431
9872,3612,13484
5876,9951,15827
5223,4147,9370
3193,9082,12275
3546,6061,9607
5655,2222,7877
8750,6019,14769
4574,6723,11297
7546,4023,11569
4280,1540,5820
1510,7162,8672
7702,1344,9046
6179,9083,15262
7372,3480,10852
9590,6819,16409
7742,7900,15642
6638,6900,13538
6523,4849,11372
2777,9571,12348
4763,4058,8821
3465,5451,8916
1015,5410,6425
3580,6135,9715
8948,3592,12540
5789,9260,15049
9602,8232,17834
9093,1918,11011
5835,4343,10178
3486,7873,11359
1272,5554,6826
1819,6292,8111
3615,7069,10684
6640,4984,11624
5890,8701,14591
6191,3981,10172
4039,5935,9974
1602,8459,10061
8419,9447,17866
8692,3487,12179
2358,1689,4047
9499,7131,16630
4166,9600,13766
1825,2191,4016
6647,7785,14432
7813,6641,14454
1533,7510,9043
2207,9608,11815
2237,5943,8180
5765,5836,11601
1459,9841,11300
1119,5768,6887
6980,9509,16489
7481,7298,14779
4226,9585,13811
3552,6378,9930
4228,1076,5304
4410,1408,5818
5092,3267,8359
9935,5528,15463
6574,6773,13347
4834,4997,9831
8307,6617,14924
3701,4712,8413
4907,9946,14853
1675,5927,7602
6349,7168,13517
4475,7816,12291
1541,1164,2705
8092,1984,10076
3661,5468,9129
1617,9260,10877
6639,5196,11835
1000,9377,10377
5438,5808,11246
4079,7719,11798
9327,7018,16345
1382,1927,3309
6059,1560,7619
2189,1897,4086
3368,5953,9321
8898,5380,14278
3398,7226,10624
6743,3588,10331
7356,4685,12041
5309,5399,10708
4226,2403,6629
9391,3285,12676
9862,2728,12590
2249,1878,4127
3523,1497,5020
8702,8578,17280
5879,1538,7417
2466,8714,11180
2733,1490,4223
2709,7711,10420
2918,9166,12084
7025,7099,14124
1197,2713,3910
5783,9102,14885
4844,1595,6439
9330,2014,11344
1241,3363,4604
1732,1134,2866
4761,3626,8387
8179,2510,10689
3796,7907,11703
5512,5302,10814
2643,5406,8049
4364,7768,12132
4411,1082,5493
6696,3440,10136
6760,2782,9542
9796,7426,17222
8906,9922,18828
2360,3078,5438
1977,8793,10770
2637,4300,6937
5004,1582,6586
9651,9327,18978
9475,3398,12873
5112,2238,7350
4466,6518,10984
6363,4166,10529
1779,3134,4913
3236,2639,5875
9611,4689,14300
5955,9398,15353
8372,4390,12762
8250,8249,16499
4796,3534,8330
3180,5306,8486
5227,2446,7673
1951,5021,6972
6485,2717,9202
5242,4805,10047
6913,8475,15388
5810,2596,8406
7594,4216,11810
6755,7283,14038
2337,3974,6311
5473,9552,15025
7826,6667,14493
9764,9013,18777
4044,6018,10062
3233,6637,9870
8467,4246,12713
5041,2889,7930
8676,3655,12331
4718,6535,11253
3129,2630,5759
6060,1991,8051
5590,7866,13456
9894,5921,15815
9021,3481,12502
9754,7281,17035
9558,7249,16807
1793,5731,7524
1986,4595,6581
1854,2569,4423
3256,5103,8359
5176,8961,14137
6254,9429,15683
8906,7001,15907
2732,1814,4546
8035,2186,10221
8581,3225,11806
7423,9989,17412
6173,9735,15908
6882,1519,8401
6041,2454,8495
7870,8213,16083
8759,4406,13165
1946,5030,6976
9327,1792,11119
2136,1554,3690
8037,4403,12440
3254,2366,5620
1948,9295,11243
8809,8207,17016
8419,5026,13445
6956,8369,15325
8322,3614,11936
4271,8384,12655
6678,1881,8559
4188,4334,8522
3198,9403,12601
1754,6217,7971
9892,1370,11262
2732,6259,8991
1801,7399,9200
5771,8007,13778
1415,4337,5752
6258,9027,15285
6057,7967,14024
2620,6982,9602
8993,3792,12785
9764,8386,18150
5893,6096,11989
5856,4655,10511
9484,5293,14777
1079,5308,6387
2862,1618,4480
1959,4735,6694
9114,3168,12282
4245,8235,12480
2161,3040,5201
9160,6649,15809
8318,8483,16801
5132,1844,6976
6777,2643,9420
2263,3934,6197
7139,8174,15313
1215,5776,6991
3340,8706,12046
3090,2116,5206
8750,6334,15084
3161,4256,7417
4176,7380,11556
4345,7996,12341
3933,8741,12674
6655,3448,10103
1827,6896,8723
2203,7619,9822
7798,1844,9642
3971,2268,6239
5744,8735,14479
4530,6085,10615
9995,9319,19314
3264,1019,4283
2781,7857,10638
5834,8296,14130
9748,3244,12992
3983,3725,7708
5599,6366,11965
5887,1196,7083
6226,3828,10054
4988,6732,11720
6279,3469,9748
2630,4278,6908
3038,6432,9470
6021,5330,11351
7470,8077,15547
5761,6219,11980
8001,2387,10388
1641,6612,8253
8210,1574,9784
8796,9591,18387
5690,2456,8146
2595,9308,11903
8986,9574,18560
3129,1831,4960
5968,4481,10449
3117,5482,8599
3006,9488,12494
7760,9910,17670
6694,7062,13756
4079,6278,10357
1010,5880,6890
1410,1598,3008
1823,8876,10699
6217,8086,14303
1312,7671,8983
7700,3492,11192
1230,4740,5970
1043,8532,9575
9092,8278,17370
4457,6384,10841
6615,6506,13121
3995,4638,8633
8517,4284,12801
9362,5341,14703
1616,1239,2855
7052,7454,14506
5887,2904,8791
7165,1812,8977
5999,8642,14641
2730,4424,7154
7062,3207,10269
4368,6471,10839
3227,8639,11866
5380,2820,8200
9840,1188,11028
6221,9670,15891
7746,5612,13358
2888,2550,5438
8059,6233,14292
6635,1033,7668
9487,2429,11916
6246,2987,9233
7271,3882,11153
2547,1462,4009
7707,6305,14012
1513,6174,7687
4566,4803,9369
4938,2471,7409
9003,1337,10340
8051,8444,16495
4412,3392,7804
1976,5978,7954
5068,1871,6939
4409,3589,7998
2549,5461,8010
3621,3529,7150
8162,9351,17513
7399,3581,10980
7565,8105,15670
7956,3934,11890
3311,3795,7106
5328,7823,13151
5328,4588,9916
4116,5653,9769
4747,7824,12571
2459,5430,7889
3451,8331,11782
5090,9963,15053
6041,2111,8152
4585,8601,13186
3373,7842,11215
9533,6098,15631
5723,3818,9541
3925,1709,5634
7992,1738,9730
5590,7087,12677
4718,9201,13919
6081,3578,9659
2558,5000,7558
5545,6339,11884
3716,5302,9018
2809,6830,9639
2997,3931,6928
3130,5412,8542
7513,3796,11309
8748,7323,16071
7745,6202,13947
2555,9181,11736
5443,9522,14965
5705,5839,11544
4958,5664,10622
1746,3184,4930
8946,6321,15267
8148,3024,11172
7173,3711,10884
8018,8197,16215
2702,6529,9231
8216,8655,16871
6417,7324,13741
4873,9313,14186
1265,9219,10484
6378,3124,9502
1431,5974,7405
4777,8037,12814
2085,7195,9280
7259,3485,10744
9292,6398,15690
6078,8202,14280
4048,7502,11550
1799,4822,6621
6611,7009,13620
6263,9626,15889
6570,5640,12210
6333,9839,16172
3295,2431,5726
6172,3361,9533
8541,1723,10264
2547,9275,11822
2365,9741,12106
4853,5682,10535
6960,9343,16303
8689,6157,14846
4498,3985,8483
2567,9403,11970
7669,5191,12860
8156,9713,17869
7517,6135,13652
7751,9209,16960
8174,2719,10893
9061,5014,14075
1878,9785,11663
7272,2609,9881
7714,6109,13823
3448,3136,6584
7966,3053,11019
8763,1083,9846
3668,6231,9899
9890,2820,12710
5414,8249,13663
7572,8627,16199
3894,4417,8311
1248,8810,10058
2890,8880,11770
3115,7581,10696
4063,6651,10714
2806,8300,11106
9487,3694,13181
6493,9223,15716
5650,9126,14776
1792,5191,6983
2089,9421,11510
3780,5497,9277
1789,5194,6983
5457,7671,13128
5635,6961,12596
7738,6155,13893
1313,7633,8946
1232,6735,7967
8849,3711,12560
8940,4344,13284
3122,4779,7901
6654,2172,8826
8317,8744,17061
1159,8963,10122
3129,4078,7207
3229,3917,7146
4013,7326,11339
2579,2960,5539
8902,7657,16559
4844,5697,10541
3390,2419,5809
4917,5942,10859
9354,9307,18661
8570,6198,14768
7002,6142,13144
4852,1542,6394
9605,9873,19478
9833,4978,14811
2432,9860,12292
8805,1968,10773
6800,8845,15645
6591,6383,12974
8470,5819,14289
8632,4235,12867
6255,1251,7506
5300,8409,13709
4998,9982,14980
6180,6421,12601
2495,8978,11473
9141,6378,15519
3577,6306,9883
9133,2235,11368
2058,4659,6717
6368,1056,7424
8472,3569,12041
5080,7377,12457
2948,1222,4170
6217,3536,9753
3525,2357,5882
5887,8722,14609
6982,5477,12459
2371,4224,6595
2874,4361,7235
7104,2142,9246
5309,9756,15065
7898,2588,10486
5998,5342,11340
4362,2636,6998
7227,2244,9471
7914,6306,14220
5514,9450,14964
3358,6615,9973
2268,3376,5644
9387,4096,13483
4635,1561,6196
9231,8739,17970
7871,3504,11375
8021,6971,14992
8876,9979,18855
5097,7822,12919
6878,5509,12387
7186,4560,11746
6679,3685,10364
7612,5821,13433
8807,2412,11219
2221,3249,5470
3239,5202,8441
8873,7893,16766
9835,6403,16238
6185,5290,11475
5142,8152,13294
3584,2601,6185
5942,6698,12640
1807,8345,10152
9306,3727,13033
9165,5171,14336
2568,1741,4309
7437,5904,13341
3933,5509,9442
5526,6909,12435
6349,4167,10516
8606,3218,11824
2340,9009,11349
5639,2514,8153
2411,8724,11135
5167,2022,7189
3758,5808,9566
9833,7733,17566
5907,4225,10132
2014,7768,9782
6458,3021,9479
3676,4106,7782
9975,9862,19837
3584,5942,9526
2277,4043,6320
8370,6860,15230
4782,8057,12839
9369,9467,18836
4481,6772,11253
6336,5122,11458
3960,8897,12857
3469,8051,11520
5068,6443,11511
5380,3545,8925
8665,4649,13314
2814,4907,7721
4731,8685,13416
9273,6869,16142
9273,1093,10366
9186,1342,10528
7940,3408,11348
1623,1867,3490
4472,1170,5642
9769,9259,19028
2515,9192,11707
3198,1901,5099
6903,8755,15658
9986,3066,13052
9562,3538,13100
4907,7960,12867
3596,4321,7917
8720,3621,12341
4841,5558,10399
5918,9715,15633
5339,1238,6577
2220,1768,3988
9426,7330,16756
8388,5592,13980
8617,9082,17699
8579,7456,16035
5117,3439,8556
7086,5824,12910
9391,9369,18760
6542,3036,9578
3091,6550,9641
5263,7430,12693
3384,7326,10710
9207,8663,17870
8721,3157,11878
1305,8123,9428
3053,6812,9865
4344,5456,9800
2208,2858,5066
3703,2971,6674
2113,1983,4096
3127,4639,7766
8476,1560,10036
7652,5387,13039
3932,9482,13414
2909,8230,11139
2428,1947,4375
2348,9572,11920
1309,4414,5723
6789,7568,14357
9852,4447,14299
3273,3142,6415
5739,1458,7197
8580,1337,9917
6450,8380,14830
5020,9536,14556
6643,1942,8585
1345,4894,6239
9516,7610,17126
3138,5389,8527
9715,8826,18541
8816,1258,10074
2110,8325,10435
7487,1820,9307
6988,6635,13623
5664,8093,13757
5604,2563,8167
7343,9500,16843
2839,8675,11514
9001,3306,12307
6140,3686,9826
1960,9629,11589
1455,7767,9222
4817,2512,7329
5738,1391,7129
3621,7176,10797
6719,7041,13760
4600,6210,10810
5508,7442,12950
8654,7216,15870
8885,1260,10145
7833,6944,14777
7134,7875,15009
7828,1334,9162
8669,3779,12448
9995,8328,18323
3437,3807,7244
6190,4163,10353
8488,1023,9511
5652,3748,9400
3450,9095,12545
4357,9095,13452
9083,6972,16055
9155,8069,17224
6338,3532,9870
6337,4773,11110
7465,5661,13126
3057,1677,4734
3974,9476,13450
6648,7444,14092
2840,2878,5718
7289,8219,15508
4314,2378,6692
6340,1452,7792
9533,1392,10925
6471,2269,8740
9137,4050,13187
8280,5794,14074
8410,1165,9575
9446,9493,18939
7363,9079,16442
6030,2505,8535
8409,5340,13749
1209,4793,6002
5521,4047,9568
1980,3119,5099
4745,1177,5922
2546,9490,12036
4566,1274,5840
3995,1052,5047
8775,2627,11402
7043,8823,15866
9680,9608,19288
2553,9857,12410
3469,2474,5943
7477,1337,8814
7991,9460,17451
2087,2293,4380
9848,6964,16812
3828,7472,11300
4973,7661,12634
5957,7564,13521
2336,2667,5003
2825,2212,5037
3768,6776,10544
1444,5381,6825
4676,3310,7986
5040,8085,13125
2827,7285,10112
4219,6559,10778
7771,5688,13459
5511,3072,8583
7770,7328,15098
3330,1685,5015
5958,1684,7642
9532,1733,11265
2496,6450,8946
5635,2732,8367
7527,7725,15252
7303,9031,16334
2419,5710,8129
9679,2441,12120
3390,2384,5774
3156,5396,8552
2391,8422,10813
6435,5800,12235
4142,1268,5410
4917,9669,14586
5271,1238,6509
9801,8002,17803
8768,6883,15651
6785,6093,12878
7438,7174,14612
6445,4338,10783
3333,5386,8719
5581,7698,13279
9359,4542,13901
6886,9054,15940
7914,8513,16427
9269,2108,11377
5756,2224,7980
8528,9756,18284
3859,9493,13352
9300,3412,12712
3647,4338,7985
6804,8231,15035
5523,4813,10336
4645,4417,9062
1011,7609,8620
4145,1874,6019
8303,1883,10186
5650,8710,14360
7797,6439,14236
8008,9544,17552
9162,4487,13649
8537,3390,11927
5030,8492,13522
4438,3383,7821
4367,7167,11534
2465,3151,5616
4483,1573,6056
1774,8030,9804
5338,9021,14359
4930,5960,10890
3220,2439,5659
7246,8424,15670
9905,7700,17605
9767,7339,17106
6084,6510,12594
1069,9934,11003
7728,5150,12878
3533,8410,11943
9601,4007,13608
9143,7870,17013
6134,5242,11376
6609,8778,15387
2197,3337,5534
9086,4193,13279
9218,6220,15438
3973,7531,11504
4165,2090,6255
9441,1141,10582
1266,8719,9985
5310,9680,14990
9687,1479,11166
3690,6999,10689
5936,3427,9363
9064,4215,13279
6981,4911,11892
5077,3349,8426
1649,6536,8185
3856,6578,10434
2725,9116,11841
2354,2293,4647
4258,3713,7971
9595,5032,14627
2546,3606,6152
3825,5206,9031
4374,8640,13014
7934,7078,15012
4323,9366,13689
8105,2363,10468
8489,8951,17440
4011,3090,7101
9652,1148,10800
5433,6098,11531
2133,1353,3486
3113,8555,11668
7010,4685,11695
4206,2109,6315
9418,4106,13524
4936,9461,14397
4806,7549,12355
9495,6148,15643
2932,3040,5972
8934,9333,18267
7789,6775,14564
1947,1765,3712
8172,6015,14187
3496,4562,8058
2262,7393,9655
6050,6410,12460
1542,7664,9206
8723,3781,12504
3612,2199,5811
8032,7323,15355
5688,5786,11474
4681,6229,10910
4495,9856,14351
7078,4162,11240
2416,4108,6524
9708,8829,18537
1907,9507,11414
8573,2934,11507
6951,5344,12295
8426,7334,15760
3622,6565,10187
2525,2416,4941
2794,3720,6514
7826,7795,15621
4676,6076,10752
7369,9544,16913
6826,3192,10018
4536,8299,12835
3320,8871,12191
1533,6351,7884
2979,3076,6055
9723,5235,14958
7241,5114,12355
3584,2488,6072
4659,7402,12061
9047,1227,10274
5471,6242,11713
8623,5352,13975
5928,8315,14243
1698,1437,3135
6819,7180,13999
3153,7038,10191
7008,7375,14383
6136,6278,12414
1959,9469,11428
5220,4756,9976
8587,5770,14357
9906,4921,14827
3714,2347,6061
6008,7085,13093
9169,5868,15037
4960,3505,8465
6096,8375,14471
2737,2108,4845
3679,2037,5716
6760,3096,9856
1358,6953,8311
2076,8236,10312
6671,6815,13486
6764,5974,12738
4527,3302,7829
2075,5048,7123
1328,4477,5805
8124,2002,10126
9768,9518,19286
7386,3821,11207
3380,9686,13066
3416,4249,7665
3142,4388,7530
6315,9993,16308
1207,9664,10871
2638,6127,8765
9327,5356,14683
9649,7024,16673
8605,2436,11041
7375,9698,17073
7247,9637,16884
3781,1443,5224
1117,1566,2683
4602,2936,7538
5183,8926,14109
5571,6801,12372
5390,5815,11205
6500,6402,12902
7987,5781,13768
3686,2203,5889
6056,8057,14113
9597,6713,16310
6183,5214,11397
5079,1312,6391
9354,2528,11882
6496,5768,12264
8567,1398,9965
7630,2047,9677
2942,1239,4181
7464,1671,9135
3619,8919,12538
3461,9593,13054
3106,5148,8254
2087,7776,9863
5381,6124,11505
8559,1141,9700
1396,6137,7533
8281,2555,10836
8054,6894,14948
2028,6051,8079
1670,5594,7264
2855,4429,7284
6276,7986,14262
5431,1569,7000
7456,2146,9602
7514,5900,13414
1027,6349,7376
2029,7616,9645
2996,2341,5337
3087,9872,12959
1374,4045,5419
7275,6949,14224
1805,7352,9157
7470,7646,15116
1278,2405,3683
9979,8150,18129
2332,9065,11397
4147,8992,13139
4449,1432,5881
9026,2009,11035
8279,6191,14470
9508,6307,15815
5216,2365,7581
7796,4518,12314
3768,1495,5263
4592,3232,7824
9048,3935,12983
7719,5445,13164
3367,7555,10922
1905,9168,11073
8900,5597,14497
8653,6009,14662
8235,8208,16443
8958,6288,15246
8813,7136,15949
9303,7606,16909
3302,8325,11627
5395,4995,10390
9498,9312,18810
8769,2427,11196
6613,4102,10715
2455,2346,4801
9820,2214,12034
2961,3995,6956
5612,6690,12302
3858,1761,5619
6458,9047,15505
5902,9105,15007
2496,5582,8078
3043,4376,7419
9708,1834,11542
1623,2047,3670
2564,4982,7546
6440,1496,7936
1542,1915,3457
2801,1081,3882
2179,9357,11536
3071,9998,13069
8030,1331,9361
8145,7979,16124
9372,7112,16484
2589,3486,6075
6834,3590,10424
9679,9803,19482
4420,6208,10628
8214,2456,10670
5497,3867,9364
5583,6254,11837
7345,7571,14916
8083,6298,14381
1078,6652,7730
1377,1164,2541
8967,6941,15908
9346,2146,11492
3216,6449,9665
2463,4470,6933
2516,5423,7939
2526,1788,4314
7520,8421,15941
7577,3548,11125
8252,5608,13860
9707,7640,17347
7745,4062,11807
6281,5762,12043
1966,7076,9042
6694,9555,16249
1107,8181,9288
9814,5416,15230
1509,7815,9324
4865,9495,14360
4871,6513,11384
7508,8164,15672
4500,3199,7699
4901,8758,13659
7070,3270,10340
6385,1229,7614
3486,9341,12827
1909,1977,3886
1634,6989,8623
5717,3190,8907
6189,5939,12128
8081,4474,12555
7695,8194,15889
2865,1298,4163
3739,7701,11440
4725,5540,10265
9289,5814,15103
7134,4522,11656
5418,7818,13236
9124,9162,18286
6489,7085,13574
5185,5226,10411
9096,4881,13977
8692,4615,13307
7805,4157,11962
3105,6176,9281
1993,4096,6089
1189,3898,5087
6856,5249,12105
6388,8046,14434
4411,1605,6016
2366,7482,9848
6795,1517,8312
6218,4807,11025
6435,3272,9707
3308,5792,9100
1810,9268,11078
3309,8908,12217
5439,7389,12828
4558,9008,13566
1845,9884,11729
2332,7300,9632
2274,8166,10440
1337,4294,5631
1336,2867,4203
7914,1494,9408
5642,4886,10528
9352,3036,12388
6083,4560,10643
3281,2601,5882
2299,9902,12201
5167,3046,8213
3881,6474,10355
2817,3198,6015
4332,2103,6435
4177,5815,9992
3177,2194,5371
5501,7041,12542
9727,8060,17787
9324,1263,10587
5462,7968,13430
3052,5946,8998
6825,7044,13869
5089,1357,6446
6505,5420,11925
9942,4250,14192
7562,3258,10820
4810,1583,6393
4438,9768,14206
7357,7146,14503
5990,2783,8773
2093,5532,7625
6117,8938,15055
7746,3133,10879
9709,9933,19642
7120,3477,10597
5958,7137,13095
3876,1042,4918
6829,4441,11270
9595,7346,16941
7849,7686,15535
3650,5345,8995
1877,2886,4763
2303,2740,5043
2112,4876,6988
7040,8452,15492
7118,9439,16557
7795,8044,15839
1567,6958,8525
2353,6029,8382
5965,1168,7133
8712,3671,12383
1378,2932,4310
1193,9455,10648
5616,6014,11630
8878,2300,11178
4200,4373,8573
9765,2383,12148
4537,8924,13461
5991,6202,12193
4932,4622,9554
1464,8980,10444
2610,9804,12414
1604,8967,10571
1620,3602,5222
7473,4800,12273
8098,7538,15636
1155,9160,10315
7681,3715,11396
5339,9070,14409
7690,1449,9139
2069,5017,7086
3819,3285,7104
2399,3248,5647
7375,1723,9098
6273,8535,14808
5820,1086,6906
8697,7846,16543
5149,2751,7900
6161,4420,10581
5837,3483,9320
4212,4922,9134
7310,7042,14352
9013,4527,13540
9264,9916,19180
4754,9162,13916
5365,9410,14775
1546,4729,6275
8350,6884,15234
2968,5516,8484
2259,7992,10251
8756,3933,12689
3509,2562,6071
9075,4669,13744
3481,8198,11679
1204,1741,2945
8049,5263,13312
8837,5737,14574
2105,7830,9935
5197,1088,6285
7488,4381,11869
4185,7679,11864
7306,1864,9170
9246,5671,14917
1557,5291,6848
1447,2821,4268
4819,1091,5910
1607,1285,2892
3921,1101,5022
4835,9169,14004
5235,8509,13744
7716,1534,9250
7666,9207,16873
9752,3925,13677
1909,6008,7917
1118,4113,5231
7153,2491,9644
3096,8944,12040
3254,9705,12959
7103,2233,9336
6258,6631,12889
4349,1129,5478
4716,7754,12470
4743,2771,7514
5454,7770,13224
8250,6273,14523
9697,6628,16325
5913,5718,11631
3676,1096,4772
2963,6401,9364
8767,1598,10365
4963,9620,14583
8293,2324,10617
9111,2767,11878
6164,2339,8503
7466,6463,13929
6490,5061,11551
8604,2270,10874
1218,1533,2751
8951,4823,13774
1064,5341,6405
6082,3985,10067
6594,4913,11507
9017,5255,14272
2004,3122,5126
7696,4981,12677
1471,4405,5876
1308,8695,10003
8707,4047,12754
3017,5881,8898
2478,5197,7675
8721,5870,14591
4459,6434,10893
1571,4589,6160
9339,6918,16257
1596,6073,7669
2070,5250,7320
5325,4371,9696
1157,4318,5475
7711,8221,15932
9957,3612,13569
5562,1443,7005
6973,1904,8877
3910,2801,6711
1925,8851,10776
6930,9943,16873
3922,9854,13776
8555,1919,10474
6004,5219,11223
9259,5570,14829
5453,6575,12028
2953,3568,6521
8945,4708,13653
5928,4399,10327
7570,1442,9012
1600,5582,7182
3786,3695,7481
3052,1631,4683
4442,2754,7196
8020,1025,9045
8946,8297,17243
7553,6759,14312
8755,2129,10884
5996,5145,11141
6641,9633,16274
6897,8369,15266
4895,5797,10692
2828,1559,4387
4914,9430,14344
9050,7900,16950
6587,6412,12999
5612,4683,10295
9396,8347,17743
4600,7643,12243
2213,8347,10560
4091,2382,6473
4680,9198,13878
4498,9487,13985
6506,9455,15961
3137,8655,11792
9124,5948,15072
4865,6460,11325
6448,5496,11944
5452,7898,13350
3546,5929,9475
9310,8214,17524
3395,8671,12066
6514,2702,9216
9721,4674,14395
9494,5251,14745
1013,8187,9200
3803,1888,5691
5540,9090,14630
3169,4651,7820
9017,9240,18257
1180,4878,6058
4464,1529,5993
6771,5679,12450
8940,2286,11226
3190,9898,13088
9485,2561,12046
6628,3611,10239
7560,1660,9220
4178,4389,8567
4063,7401,11464
9127,3840,12967
7309,8192,15501
7054,7146,14200
7561,9560,17121
1538,3927,5465
3393,9922,13315
1896,7867,9763
7345,3368,10713
5559,8747,14306
3380,1014,4394
4135,3277,7412
9202,2656,11858
2660,2763,5423
9733,2529,12262
8865,6838,15703
7910,3617,11527
3754,9101,12855
2426,9067,11493
6208,7222,13430
8808,3061,11869
3563,3803,7366
7209,3293,10502
2625,6809,9434
1571,8399,9970
3400,9574,12974
6829,2083,8912
2949,6530,9479
6202,6430,12632
4497,6496,10993
5930,4394,10324
1773,8793,10566
3597,8981,12578
4061,4325,8386
2403,4320,6723
8239,7649,15888
8420,8139,16559
1869,7442,9311
1973,2188,4161
6147,4443,10590
6684,2321,9005
3023,7740,10763
6468,1438,7906
1164,6678,7842
8835,4337,13172
4350,1987,6337
3529,5612,9141
4845,6756,11601
9105,2326,11431
9219,7924,17143
5593,7662,13255
1193,9783,10976
3489,7401,10890
9304,2737,12041
3061,7283,10344
7840,4559,12399
6461,8599,15060
4883,4251,9134
6053,4014,10067
2128,7865,9993
7472,8416,15888
2696,9324,12020
8407,8245,16652
5665,5220,10885
8574,7170,15744
1311,6434,7745
1401,6554,7955
2596,1121,3717
1750,1105,2855
7934,4238,12172
2244,9267,11511
7865,4282,12147
3275,4808,8083
9644,1765,11409
5582,3715,9297
2497,3838,6335
7036,6066,13102
1489,7374,8863
2935,3749,6684
8812,8464,17276
8777,9417,18194
7286,5149,12435
6848,8656,15504
3345,6549,9894
7680,9770,17450
2698,7984,10682
7037,6256,13293
7551,1278,8829
2468,3318,5786
5536,6347,11883
6939,2783,9722
7630,4226,11856
3819,4970,8789
1424,3105,4529
3470,6894,10364
4794,3891,8685
4147,5051,9198
4651,8901,13552
2174,3949,6123
9628,7116,16744
1234,8912,10146
5770,6128,11898
5856,9159,15015
3474,1226,4700
7160,5801,12961
6357,8548,14905
4995,2410,7405
5764,2337,8101
6420,1117,7537
2868,3097,5965
2813,9734,12547
3374,2526,5900
8087,9793,17880
4614,3149,7763
4301,9579,13880
4680,4282,8962
3696,5151,8847
2305,1716,4021
6845,6758,13603
4655,7359,12014
9505,3280,12785
3622,5342,8964
3489,2922,6411
7278,9115,16393
9049,5029,14078
4063,9352,13415
4892,2737,7629
5220,8080,13300
4395,3454,7849
5957,3287,9244
9150,7292,16442
9696,4733,14429
9892,6113,16005
4005,5790,9795
1010,6221,7231
4677,8334,13011
6164,7860,14024
9105,1284,10389
7543,6570,14113
6731,8611,15342
3435,8523,11958
2029,7584,9613
9091,5451,14542
3966,8755,12721
1553,1267,2820
8135,2240,10375
5159,3489,8648
8858,6394,15252
9661,4287,13948
3019,6313,9332
5317,6824,12141
1838,9943,11781
9461,5827,15288
7987,4503,12490
8824,3075,11899
2312,3284,5596
9575,3808,13383
9995,7521,17516
7355,4719,12074
5771,3696,9467
6796,1808,8604
4293,4459,8752
3419,5224,8643
8571,7363,15934
5567,4524,10091
7751,7237,14988
6319,2867,9186
2375,9130,11505
6401,9803,16204
7992,4316,12308
2598,5949,8547
7572,1638,9210
5166,1645,6811
6884,7668,14552
1089,1550,2639
9251,6224,15475
6581,5178,11759
4479,7091,11570
3633,7790,11423
4501,1889,6390
9765,9704,19469
8246,5160,13406
5051,3230,8281
6185,8375,14560
7197,3283,10480
5984,1611,7595
9629,7837,17466
8106,8275,16381
9715,4577,14292
7486,3261,10747
2023,9513,11536
8235,4757,12992
9068,9641,18709
2284,2660,4944
6353,1903,8256
9521,9828,19349
7010,1412,8422
7639,4833,12472
3415,3586,7001
6571,9672,16243
7557,7280,14837
3882,3519,7401
5400,9846,15246
1180,5125,6305
4019,1764,5783
5135,6038,11173
7799,4390,12189
2064,3456,5520
6681,2346,9027
7997,5132,13129
3453,1538,4991
3303,7421,10724
1248,2391,3639
3172,2335,5507
3259,7615,10874
6534,9691,16225
1810,5984,7794
8348,8556,16904
4713,4704,9417
2210,4745,6955
8791,2491,11282
8301,7460,15761
4048,5919,9967
3934,7110,11044
2817,7613,10430
5319,2275,7594
8231,3877,12108
5014,5087,10101
2147,1237,3384
3122,8609,11731
5595,4983,10578
9134,6606,15740
2623,8226,10849
1722,2095,3817
4827,5285,10112
1995,6681,8676
5661,1992,7653
3783,9347,13130
6682,6961,13643
5768,6760,12528
6204,8552,14756
9246,1084,10330
6976,9147,16123
8084,3779,11863
7055,3669,10724
2008,3364,5372
4686,7768,12454
3199,1909,5108
4439,6882,11321
3913,5695,9608
2006,8114,10120
2143,8552,10695
2224,5495,7719
9259,1181,10440
7332,5946,13278
8450,3945,12395
9846,4686,14532
3288,3831,7119
9913,4248,14161
9501,2025,11526
5412,6902,12314
4643,9559,14202
5650,2249,7899
3983,5575,9558
8447,5109,13556
5023,8969,13992
1589,2782,4371
5568,5412,10980
5680,9990,15670
1470,5827,7297
6067,3994,10061
4129,7167,11296
2313,7546,9859
8934,6358,15292
1282,8609,9891
2398,3733,6131
5067,3357,8424
4238,8989,13227
8210,1787,9997
9234,6784,16018
5643,5321,10964
5728,6640,12368
4410,2358,6768
1537,4868,6405
5576,5525,11101
4583,8898,13481
2350,4856,7206
3625,5307,8932
3925,7714,11639
8197,7006,15203
9541,2537,12078
3728,8381,12109
5346,3366,8712
8028,7868,15896
4875,7041,11916
4601,5174,9775
1923,1618,3541
5400,7342,12742
4303,6580,10883
8600,9122,17722
1082,1092,2174
7760,8375,16135
8837,7724,16561
4048,2467,6515
6489,3698,10187
9983,1475,11458
9695,1230,10925
8021,7833,15854
3256,4970,8226
5838,1383,7221
1760,6243,8003
4952,1942,6894
3695,2296,5991
3147,7874,11021
5396,1608,7004
1881,8316,10197
5891,7480,13371
8505,2994,11499
2323,8768,11091
2011,7903,9914
1688,5068,6756
4447,8897,13344
8255,9075,17330
9632,3462,13094
6123,5178,11301
7149,2752,9901
5629,6916,12545
5546,4359,9905
6013,8604,14617
5014,1899,6913
2189,1652,3841
8996,1982,10978
1575,9524,11099
5307,9480,14787
7753,8740,16493
2055,7026,9081
5369,2324,7693
4595,4827,9422
3323,2882,6205
2153,4370,6523
9288,1276,10564
6404,6292,12696
9523,5198,14721
4696,4202,8898
3086,1306,4392
1883,7663,9546
7189,5289,12478
4589,4641,9230
8336,6108,14444
3162,7709,10871
6167,4141,10308
7131,5603,12734
1154,4630,5784
9652,2396,12048
9982,7797,17779
7594,4709,12303
2867,1576,4443
8263,4764,13027
9553,1456,11009
4561,4110,8671
4529,5907,10436
5968,9541,15509
5547,5083,10630
1108,8751,9859
2231,1576,3807
1240,8566,9806
6809,7721,14530
1370,7054,8424
1097,6606,7703
9156,3455,12611
4446,5811,10257
8827,3691,12518
1972,8806,10778
3923,6001,9924
1808,8476,10284
6963,6935,13898
5230,1327,6557
1682,1123,2805
1753,9114,10867
2606,7525,10131
4578,5666,10244
8208,3845,12053
3938,7319,11257
3427,9356,12783
9156,7907,17063
8732,6886,15618
6168,4281,10449
9810,3712,13522
5954,4723,10677
2686,8440,11126
2606,5239,7845
9810,6103,15913
9545,1280,10825
5932,4550,10482
2959,1389,4348
6183,4867,11050
5360,3053,8413
6008,9359,15367
7316,3166,10482
9106,7272,16378
1186,6182,7368
3645,2216,5861
5627,2205,7832
7703,1227,8930
3613,3136,6749
8311,7958,16269
1249,3272,4521
7038,4018,11056
3215,3157,6372
2796,4244,7040
9046,1296,10342
2927,3256,6183
8421,6201,14622
2457,4546,7003
8361,4664,13025
8654,1095,9749
4932,7912,12844
7140,2739,9879
2352,5924,8276
6757,2542,9299
6244,1830,8074
2605,5645,8250
8937,7852,16789
7516,1221,8737
4951,9722,14673
7493,5117,12610
6408,1753,8161
2188,8108,10296
8487,9600,18087
1796,6145,7941
7677,1860,9537
5171,9175,14346
1365,2514,3879
5936,3934,9870
1498,2369,3867
9890,9116,19006
9323,6364,15687
1090,1471,2561
7084,5482,12566
6126,2111,8237
1597,8618,10215
2354,8877,11231
3389,5075,8464
1463,2072,3535
6446,1473,7919
5983,1938,7921
2310,8191,10501
3340,4520,7860
5056,2086,7142
8697,8104,16801
7732,1259,8991
2656,7290,9946
6913,8973,15886
1591,6867,8458
6577,1228,7805
2624,8090,10714
4979,1739,6718
7521,4174,11695
6049,3647,9696
7436,6386,13822
5571,7594,13165
8480,2185,10665
1589,5217,6806
8648,2135,10783
4420,1001,5421
1891,8882,10773
9062,4553,13615
7069,7957,15026
5204,9471,14675
6784,2698,9482
3884,4579,8463
8195,3251,11446
5640,3356,8996
4414,6708,11122
3078,5195,8273
3714,7947,11661
2338,4689,7027
7614,1741,9355
1733,8839,10572
2806,2753,5559
8358,6857,15215
2024,6764,8788
6209,4554,10763
7216,5818,13034
5566,6325,11891
7894,8082,15976
4368,3629,7997
7942,9720,17662
5232,7661,12893
8877,7275,16152
2719,4487,7206
9175,6844,16019
9751,7475,17226
6869,7462,14331
2800,6075,8875
5262,1146,6408
4828,3117,7945
6447,6014,12461
6947,1318,8265
6749,1254,8003
6057,9526,15583
5393,2044,7437
2791,3519,6310
1961,4749,6710
5565,8516,14081
3814,1589,5403
2988,4865,7853
3989,6665,10654
5541,2960,8501
9846,2078,11924
4074,6029,10103
8386,5756,14142
7375,5695,13070
1919,2758,4677
2831,4278,7109
1359,8586,9945
4810,2440,7250
2719,6672,9391
1555,3297,4852
2535,7282,9817
6085,2961,9046
9142,9203,18345
1979,1272,3251
8257,6144,14401
5633,9110,14743
2688,2595,5283
4242,5683,9925
8614,6839,15453
6786,6129,12915
3845,9448,13293
7138,1309,8447
6334,8197,14531
2176,7183,9359
4097,2724,6821
3628,7144,10772
2350,8725,11075
1619,3548,5167
6243,1977,8220
6543,6853,13396
4772,3533,8305
9669,2894,12563
6351,3040,9391
2565,5125,7690
5268,3839,9107
1467,4388,5855
9176,7540,16716
8247,3743,11990
6642,2026,8668
5631,9792,15423
4592,1987,6579
9797,8238,18035
3747,9330,13077
6650,5225,11875
5496,9833,15329
1436,2423,3859
4721,6674,11395
9249,2136,11385
9891,2145,12036
6579,5495,12074
7499,7242,14741
9299,5945,15244
2992,5122,8114
1805,2992,4797
8496,4600,13096
5010,9275,14285
5358,6315,11673
4320,8549,12869
3505,8828,12333
8885,3456,12341
8248,8868,17116
7349,7963,15312
4062,4852,8914
5990,1387,7377
8037,7910,15947
3003,6745,9748
2540,9641,12181
4547,1301,5848
8104,3019,11123
5161,1229,6390
8710,2832,11542
9242,4678,13920
8496,5482,13978
9944,6887,16831
2478,3088,5566
7040,9152,16192
3993,4340,8333
3343,8188,11531
2238,7856,10094
6660,5339,11999
9374,9735,19109
3826,8091,11917
1092,3415,4507
5254,9126,14380
5533,7516,13049
5401,4032,9433
4289,5438,9727
7867,4234,12101
6997,7301,14298
2133,3062,5195
5627,4471,10098
1468,2344,3812
7098,4807,11905
5736,5957,11693
4345,1588,5933
4883,1091,5974
1457,2884,4341
4121,8642,12763
6611,8952,15563
4703,5482,10185
2981,5466,8447
3231,9963,13194
6781,9396,16177
9413,4315,13728
6175,2598,8773
5262,2542,7804
9333,1089,10422
5406,6490,11896
4706,2209,6915
5978,4224,10202
5856,8793,14649
7239,7853,15092
2538,1148,3686
9065,8699,17764
2425,2717,5142
3635,3363,6998
4107,6628,10735
2501,2451,4952
9641,2835,12476
6851,3948,10799
4935,7830,12765
4709,2289,6998
1503,8951,10454
6051,4097,10148
3147,5520,8667
2897,4716,7613
9842,2210,12052
3187,9058,12245
4820,1368,6188
3843,4450,8293
4518,7644,12162
4860,2144,7004
4126,8660,12786
1017,6999,8016
2656,2596,5252
2287,1267,3554
1434,3035,4469
3497,7440,10937
7037,8806,15843
4208,2613,6821
9910,8164,18074
3231,7463,10694
9932,6695,16627
9996,5512,15508
8960,5886,14846
4771,7023,11794
6904,4512,11416
9103,2844,11947
4924,5881,10805
1534,8577,10111
6730,9476,16206
8987,9695,18682
5141,8936,14077
9728,9253,18981
6861,6201,13062
3383,9402,12785
3447,5804,9251
4269,9568,13837
7964,8062,16026
4498,3847,8345
8658,8446,17104
9083,9978,19061
1732,6063,7795
8313,8236,16549
3699,3158,6857
4664,8811,13475
9153,5619,14772
3193,5563,8756
4006,5044,9050
2210,2986,5196
4170,8473,12643
2748,1757,4505
1918,9897,11815
7054,5929,12983
3861,5494,9355
2807,3649,6456
5423,2295,7718
3442,8639,12081
3595,6137,9732
2072,5075,7147
4942,2771,7713
6675,2017,8692
4692,9710,14402
3351,3772,7123
1911,1973,3884
4102,8462,12564
2800,1808,4608
6438,6133,12571
9761,1969,11730
5079,2879,7958
4319,5705,10024
7611,1387,8998
9067,6957,16024
3489,8509,11998
9707,6937,16644
4844,3890,8734
2442,1722,4164
9947,3250,13197
2908,3586,6494
9577,7126,16703
7773,9190,16963
5087,6078,11165
9142,4318,13460
4038,1768,5806
6557,6262,12819
1196,3307,4503
2389,7739,10128
6311,4558,10869
3990,6997,10987
7253,7233,14486
5667,5402,11069
7205,7988,15193
2992,5059,8051
8203,7893,16096
4144,7882,12026
8470,3674,12144
5548,2552,8100
7014,2392,9406
9572,6338,15910
1648,7394,9042
5660,1820,7480
1471,9054,10525
1121,6445,7566
8695,5876,14571
3795,5216,9011
3186,3134,6320
3177,3299,6476
6981,2383,9364
5142,2968,8110
7644,3472,11116
6494,6906,13400
4110,9326,13436
9801,7571,17372
4774,5655,10429
1258,7868,9126
7817,6744,14561
4942,1237,6179
4355,9879,14234
8904,7601,16505
6706,2158,8864
1594,2750,4344
1402,4838,6240
3540,6878,10418
8490,6534,15024
6286,2613,8899
7579,6651,14230
4679,4552,9231
8238,5996,14234
2464,7282,9746
5882,7245,13127
7611,4100,11711
5113,5093,10206
9124,5851,14975
9878,4579,14457
9792,6445,16237
5528,8566,14094
2573,6720,9293
2256,2127,4383
3784,7081,10865
2049,6183,8232
3301,1029,4330
9978,4198,14176
2364,5493,7857
9505,3695,13200
7645,9721,17366
6880,9149,16029
6859,9503,16362
1995,7865,9860
8496,3631,12127
1263,8684,9947
9212,6043,15255
6116,4133,10249
9397,2636,12033
9822,8811,18633
5535,2098,7633
1289,3604,4893
1207,9463,10670
4678,9606,14284
4468,5986,10454
5090,7803,12893
3294,3461,6755
8945,6673,15618
4367,1943,6310
5156,1165,6321
2905,4056,6961
1350,4309,5659
6661,1931,8592
4838,9058,13896
2989,4484,7473
8886,2116,11002
9325,7962,17287
6967,8904,15871
5533,9871,15404
3669,2191,5860
2130,2403,4533
6630,6030,12660
2381,1369,3750
6092,4794,10886
7314,6700,14014
9567,3760,13327
2943,1957,4900
5922,7629,13551
2533,7885,10418
9601,1053,10654
5796,3396,9192
8851,5921,14772
8253,5839,14092
3558,9330,12888
3520,5637,9157
4827,7629,12456
2337,3294,5631
3677,7581,11258
1072,8236,9308
8319,3141,11460
5530,5552,11082
4501,3077,7578
9526,5755,15281
3615,6356,9971
5172,1932,7104
1635,7683,9318
6773,4229,11002
2190,6508,8698
1011,9060,10071
1448,8661,10109
3496,6885,10381
1426,8099,9525
4169,1446,5615
3250,8111,11361
3681,2401,6082
4407,7761,12168
2043,6363,8406
1391,5819,7210
7879,6984,14863
2285,7363,9648
6127,7589,13716
9833,5037,14870
7854,4249,12103
2543,1791,4334
9628,6170,15798
7043,7098,14141
8448,8211,16659
5782,8798,14580
4959,5364,10323
2716,4636,7352
8870,8361,17231
6671,9380,16051
6726,8557,15283
8782,3718,12500
3405,8887,12292
9003,8718,17721
9532,3881,13413
7710,1643,9353
1020,1677,2697
3650,4469,8119
8886,5183,14069
8086,8377,16463
6684,3687,10371
7596,2416,10012
5405,8074,13479
1491,1759,3250
4501,9192,13693
3088,4656,7744
5767,1211,6978
8975,4722,13697
1303,5786,7089
4772,2781,7553
4225,9999,14224
7739,8273,16012
5203,2353,7556
9371,7274,16645
2830,5698,8528
5002,3800,8802
7902,5263,13165
1222,3237,4459
3578,2778,6356
1620,5054,6674
8466,6430,14896
7379,5263,12642
3240,9043,12283
2362,3240,5602
6521,7535,14056
7744,9284,17028
2238,7492,9730
5608,8502,14110
4470,5201,9671
6351,6413,12764
8432,6971,15403
8437,4901,13338
4628,2768,7396
6352,3901,10253
2541,3091,5632
8742,9283,18025
5854,9922,15776
6049,6557,12606
5432,9891,15323
8987,6020,15007
4014,7248,11262
3016,1977,4993
5210,8034,13244
2258,2297,4555
8397,7872,16269
5129,2732,7861
3942,1448,5390
5500,9524,15024
